0.9640970621771282
[69, 75, 79, 74, 78, 57, 65, 59, 62, 60, 56, 58, 58, 67, 59, 75, 70, 57, 53, 64, 70, 77, 71, 74, 56, 66, 78, 69, 62, 58, 61, 54]
[0, 0, 0, 0, 0, 0, 0, 0, 0, 0, 0, 0, 0, 0, 0, 0, 0, 0, 0, 0, 0, 0, 0, 0, 0, 0, 0, 0, 0, 0, 0, 0]
0.9666461358600192
[59, 53, 54, 74, 77, 57, 74, 65, 67, 71, 75, 73, 79, 70, 72, 76, 72, 61, 76, 64, 71, 53, 70, 69, 57, 66, 76, 76, 60, 69, 57, 79]
[0, 0, 0, 0, 0, 0, 0, 0, 0, 0, 0, 0, 0, 0, 0, 0, 0, 0, 0, 0, 0, 0, 0, 0, 0, 0, 0, 0, 0, 0, 0, 0]
0.9675767499340905
[79, 64, 79, 75, 77, 56, 58, 64, 71, 70, 60, 68, 72, 59, 56, 65, 72, 61, 76, 64, 71, 53, 70, 69, 57, 66, 76, 76, 60, 69, 57, 79]
[0, 0, 0, 0, 0, 0, 0, 0, 0, 0, 0, 0, 0, 0, 0, 0, 0, 0, 0, 0, 0, 0, 0, 0, 0, 0, 0, 0, 0, 0, 0, 0]
0.968879076189465
[69, 74, 76, 71, 74, 54, 65, 60, 60, 59, 54, 56, 59, 67, 59, 71, 62, 77, 74, 62, 73, 53, 70, 66, 59, 72, 66, 56, 66, 58, 53, 54]
[0, 0, 0, 0, 0, 0, 0, 0, 0, 0, 0, 0, 0, 0, 0, 0, 0, 0, 0, 0, 0, 0, 0, 0, 0, 0, 0, 0, 0, 0, 0, 0]
0.9659787645263056
[75, 54, 55, 75, 54, 61, 53, 72, 69, 71, 73, 70, 77, 70, 73, 79, 69, 60, 78, 65, 53, 54, 75, 70, 60, 76, 63, 53, 63, 55, 53, 54]
[0, 0, 0, 0, 0, 0, 0, 0, 0, 0, 0, 0, 0, 0, 0, 0, 0, 0, 0, 0, 0, 0, 0, 0, 0, 0, 0, 0, 0, 0, 0, 0]
0.9638484063007497
[79, 64, 79, 75, 77, 56, 58, 64, 71, 70, 60, 68, 72, 59, 56, 65, 76, 65, 79, 64, 65, 77, 72, 70, 59, 63, 73, 79, 64, 78, 61, 53]
[0, 0, 0, 0, 0, 0, 0, 0, 0, 0, 0, 0, 0, 0, 0, 0, 0, 0, 0, 0, 0, 0, 0, 0, 0, 0, 0, 0, 0, 0, 0, 0]
0.9690569847954644
[79, 77, 77, 70, 75, 54, 58, 64, 71, 70, 60, 68, 72, 58, 59, 67, 76, 60, 55, 70, 77, 64, 76, 70, 53, 59, 71, 76, 56, 67, 53, 73]
[0, 0, 0, 0, 0, 0, 0, 0, 0, 0, 0, 0, 0, 0, 0, 0, 0, 0, 0, 0, 0, 0, 0, 0, 0, 0, 0, 0, 0, 0, 0, 0]
0.9700434316300797
[69, 74, 78, 74, 78, 58, 65, 58, 58, 58, 55, 57, 60, 67, 62, 78, 72, 63, 54, 70, 53, 57, 78, 73, 63, 76, 63, 53, 63, 55, 53, 54]
[0, 0, 0, 0, 0, 0, 0, 0, 0, 0, 0, 0, 0, 0, 0, 0, 0, 0, 0, 0, 0, 0, 0, 0, 0, 0, 0, 0, 0, 0, 0, 0]
0.969974738976051
[67, 72, 76, 71, 77, 57, 64, 58, 58, 58, 55, 58, 61, 68, 60, 75, 76, 60, 53, 68, 75, 62, 76, 70, 53, 59, 71, 76, 56, 67, 53, 73]
[0, 0, 0, 0, 0, 0, 0, 0, 0, 0, 0, 0, 0, 0, 0, 0, 0, 0, 0, 0, 0, 0, 0, 0, 0, 0, 0, 0, 0, 0, 0, 0]
0.5660321839239405
[59, 53, 54, 74, 79, 59, 76, 67, 67, 69, 75, 73, 79, 73, 73, 77, 66, 57, 78, 67, 77, 56, 77, 72, 61, 73, 60, 77, 63, 55, 53, 54]
[0, 0, 0, 0, 0, 0, 0, 0, 0, 0, 0, 0, 0, 0, 0, 0, 0, 0, 0, 0, 0, 0, 0, 0, 0, 0, 0, 0, 0, 0, 0, 0]
0.9648100266059239
[69, 72, 74, 69, 73, 55, 65, 59, 59, 57, 53, 55, 58, 64, 56, 72, 68, 57, 58, 70, 64, 75, 64, 61, 65, 74, 53, 76, 62, 55, 59, 54]
[0, 0, 0, 0, 0, 0, 0, 0, 0, 0, 0, 0, 0, 0, 0, 0, 0, 0, 0, 0, 0, 0, 0, 0, 0, 0, 0, 0, 0, 0, 0, 0]
0.9686101687484318
[78, 61, 73, 69, 76, 57, 62, 68, 73, 72, 62, 70, 70, 56, 53, 62, 69, 57, 78, 67, 77, 56, 77, 72, 61, 73, 60, 77, 63, 55, 53, 54]
[0, 0, 0, 0, 0, 0, 0, 0, 0, 0, 0, 0, 0, 0, 0, 0, 0, 0, 0, 0, 0, 0, 0, 0, 0, 0, 0, 0, 0, 0, 0, 0]
0.9597436222594271
[78, 65, 53, 76, 79, 56, 58, 61, 69, 68, 58, 69, 70, 58, 53, 62, 72, 61, 79, 70, 55, 58, 73, 66, 56, 70, 63, 53, 63, 55, 53, 54]
[0, 0, 0, 0, 0, 0, 0, 0, 0, 0, 0, 0, 0, 0, 0, 0, 0, 0, 0, 0, 0, 0, 0, 0, 0, 0, 0, 0, 0, 0, 0, 0]
0.9649345336490207
[69, 75, 79, 74, 78, 57, 65, 59, 62, 63, 59, 61, 61, 67, 59, 75, 70, 57, 78, 67, 77, 56, 77, 72, 61, 73, 65, 77, 63, 55, 53, 54]
[0, 0, 0, 0, 0, 0, 0, 0, 0, 0, 0, 0, 0, 0, 0, 0, 0, 0, 0, 0, 0, 0, 0, 0, 0, 0, 0, 0, 0, 0, 0, 0]
0.9559096132363042
[78, 65, 53, 76, 79, 56, 58, 59, 67, 66, 56, 69, 70, 56, 78, 60, 70, 61, 79, 70, 55, 58, 73, 66, 56, 70, 63, 53, 63, 55, 53, 54]
[0, 0, 0, 0, 0, 0, 0, 0, 0, 0, 0, 0, 0, 0, 0, 0, 0, 0, 0, 0, 0, 0, 0, 0, 0, 0, 0, 0, 0, 0, 0, 0]
0.970529277750424
[69, 74, 78, 73, 77, 57, 64, 58, 58, 58, 55, 57, 60, 67, 62, 78, 69, 61, 53, 69, 54, 57, 72, 72, 57, 70, 63, 53, 63, 55, 53, 54]
[0, 0, 0, 0, 0, 0, 0, 0, 0, 0, 0, 0, 0, 0, 0, 0, 0, 0, 0, 0, 0, 0, 0, 0, 0, 0, 0, 0, 0, 0, 0, 0]
0.8195684235328915
[61, 55, 58, 76, 77, 60, 56, 75, 75, 74, 73, 73, 55, 74, 73, 79, 67, 56, 74, 63, 78, 57, 73, 68, 58, 71, 63, 53, 63, 55, 53, 54]
[0, 0, 0, 0, 0, 0, 0, 0, 0, 0, 0, 0, 0, 0, 0, 0, 0, 0, 0, 0, 0, 0, 0, 0, 0, 0, 0, 0, 0, 0, 0, 0]
0.8820905596017836
[61, 55, 58, 76, 77, 60, 59, 78, 78, 77, 73, 73, 55, 74, 73, 79, 73, 64, 55, 71, 53, 57, 78, 73, 63, 76, 63, 53, 63, 55, 53, 54]
[0, 0, 0, 0, 0, 0, 0, 0, 0, 0, 0, 0, 0, 0, 0, 0, 0, 0, 0, 0, 0, 0, 0, 0, 0, 0, 0, 0, 0, 0, 0, 0]
0
[78, 61, 73, 69, 76, 57, 62, 68, 73, 72, 62, 70, 70, 56, 53, 62, 68, 59, 53, 67, 79, 55, 71, 71, 58, 72, 64, 53, 66, 58, 56, 54]
[0, 0, 0, 0, 0, 0, 0, 0, 0, 0, 0, 0, 0, 0, 0, 0, 0, 0, 0, 0, 0, 0, 0, 0, 0, 0, 0, 0, 0, 0, 0, 0]
0.9654056801966258
[64, 58, 59, 53, 56, 65, 59, 77, 73, 73, 73, 69, 77, 71, 74, 55, 72, 61, 76, 64, 71, 53, 70, 69, 57, 66, 76, 76, 60, 69, 57, 79]
[0, 0, 0, 0, 0, 0, 0, 0, 0, 0, 0, 0, 0, 0, 0, 0, 0, 0, 0, 0, 0, 0, 0, 0, 0, 0, 0, 0, 0, 0, 0, 0]
0.9381565156339228
[69, 69, 71, 66, 70, 55, 65, 59, 59, 57, 53, 55, 58, 64, 56, 72, 67, 57, 78, 67, 77, 56, 77, 72, 61, 73, 60, 77, 63, 55, 53, 54]
[0, 0, 0, 0, 0, 0, 0, 0, 0, 0, 0, 0, 0, 0, 0, 0, 0, 0, 0, 0, 0, 0, 0, 0, 0, 0, 0, 0, 0, 0, 0, 0]
0.9610349955983545
[63, 57, 58, 79, 74, 65, 59, 77, 76, 76, 79, 75, 65, 74, 74, 55, 68, 59, 53, 68, 53, 56, 72, 71, 58, 72, 64, 53, 66, 58, 56, 54]
[0, 0, 0, 0, 0, 0, 0, 0, 0, 0, 0, 0, 0, 0, 0, 0, 0, 0, 0, 0, 0, 0, 0, 0, 0, 0, 0, 0, 0, 0, 0, 0]
0.965924198319172
[69, 75, 79, 74, 78, 57, 65, 59, 62, 60, 56, 58, 58, 67, 59, 75, 71, 57, 58, 70, 64, 75, 64, 64, 68, 77, 56, 76, 62, 55, 59, 54]
[0, 0, 0, 0, 0, 0, 0, 0, 0, 0, 0, 0, 0, 0, 0, 0, 0, 0, 0, 0, 0, 0, 0, 0, 0, 0, 0, 0, 0, 0, 0, 0]
0.9593555908573084
[69, 69, 71, 66, 70, 55, 65, 59, 59, 57, 53, 55, 58, 64, 56, 72, 70, 57, 78, 67, 77, 56, 77, 72, 61, 73, 65, 77, 63, 55, 53, 54]
[0, 0, 0, 0, 0, 0, 0, 0, 0, 0, 0, 0, 0, 0, 0, 0, 0, 0, 0, 0, 0, 0, 0, 0, 0, 0, 0, 0, 0, 0, 0, 0]
0.9616718223227395
[61, 58, 59, 77, 78, 58, 56, 75, 75, 74, 73, 70, 79, 68, 67, 76, 70, 61, 79, 70, 55, 58, 73, 64, 54, 68, 61, 53, 63, 55, 53, 54]
[0, 0, 0, 0, 0, 0, 0, 0, 0, 0, 0, 0, 0, 0, 0, 0, 0, 0, 0, 0, 0, 0, 0, 0, 0, 0, 0, 0, 0, 0, 0, 0]
0.9346228820428081
[59, 53, 54, 74, 79, 59, 78, 69, 69, 73, 75, 73, 79, 70, 72, 76, 70, 59, 74, 65, 74, 56, 73, 69, 55, 65, 75, 75, 60, 63, 56, 78]
[0, 0, 0, 0, 0, 0, 0, 0, 0, 0, 0, 0, 0, 0, 0, 0, 0, 0, 0, 0, 0, 0, 0, 0, 0, 0, 0, 0, 0, 0, 0, 0]
0.9612029772996903
[61, 58, 59, 77, 78, 58, 56, 75, 75, 74, 73, 70, 79, 68, 67, 76, 76, 65, 79, 64, 65, 77, 72, 70, 59, 63, 73, 79, 64, 78, 61, 53]
[0, 0, 0, 0, 0, 0, 0, 0, 0, 0, 0, 0, 0, 0, 0, 0, 0, 0, 0, 0, 0, 0, 0, 0, 0, 0, 0, 0, 0, 0, 0, 0]
0.9602113639646106
[78, 65, 53, 76, 76, 53, 55, 61, 72, 71, 62, 70, 71, 57, 53, 62, 73, 64, 55, 71, 53, 57, 78, 73, 63, 76, 63, 53, 63, 55, 53, 54]
[0, 0, 0, 0, 0, 0, 0, 0, 0, 0, 0, 0, 0, 0, 0, 0, 0, 0, 0, 0, 0, 0, 0, 0, 0, 0, 0, 0, 0, 0, 0, 0]
0.7469942012600514
[61, 55, 58, 76, 77, 60, 56, 75, 75, 74, 73, 73, 55, 74, 73, 79, 74, 64, 55, 71, 53, 57, 78, 73, 63, 76, 63, 53, 66, 58, 56, 57]
[0, 0, 0, 0, 0, 0, 0, 0, 0, 0, 0, 0, 0, 0, 0, 0, 0, 0, 0, 0, 0, 0, 0, 0, 0, 0, 0, 0, 0, 0, 0, 0]
0.9627145282770025
[59, 53, 54, 74, 79, 59, 76, 67, 67, 69, 75, 73, 79, 73, 73, 77, 76, 65, 79, 64, 65, 77, 72, 70, 59, 63, 71, 77, 62, 76, 61, 53]
[0, 0, 0, 0, 0, 0, 0, 0, 0, 0, 0, 0, 0, 0, 0, 0, 0, 0, 0, 0, 0, 0, 0, 0, 0, 0, 0, 0, 0, 0, 0, 0]
0.964054991760473
[69, 69, 71, 66, 70, 55, 65, 59, 59, 57, 53, 55, 58, 67, 59, 75, 70, 57, 53, 64, 70, 76, 70, 73, 57, 68, 79, 71, 62, 58, 62, 54]
[0, 0, 0, 0, 0, 0, 0, 0, 0, 0, 0, 0, 0, 0, 0, 0, 0, 0, 0, 0, 0, 0, 0, 0, 0, 0, 0, 0, 0, 0, 0, 0]
0.9634396610922283
[78, 65, 53, 76, 79, 56, 58, 61, 69, 68, 58, 69, 70, 56, 53, 62, 72, 61, 76, 64, 71, 53, 70, 69, 57, 66, 76, 76, 60, 69, 57, 79]
[0, 0, 0, 0, 0, 0, 0, 0, 0, 0, 0, 0, 0, 0, 0, 0, 0, 0, 0, 0, 0, 0, 0, 0, 0, 0, 0, 0, 0, 0, 0, 0]
0.9675492073899956
[69, 75, 79, 74, 78, 57, 65, 59, 62, 60, 56, 58, 57, 66, 58, 74, 69, 62, 54, 70, 53, 57, 78, 73, 63, 73, 60, 77, 60, 55, 53, 54]
[0, 0, 0, 0, 0, 0, 0, 0, 0, 0, 0, 0, 0, 0, 0, 0, 0, 0, 0, 0, 0, 0, 0, 0, 0, 0, 0, 0, 0, 0, 0, 0]
0.937057827166569
[59, 53, 54, 74, 79, 59, 76, 67, 67, 69, 75, 73, 79, 73, 73, 77, 77, 69, 53, 68, 68, 77, 70, 66, 56, 60, 70, 77, 62, 76, 61, 53]
[0, 0, 0, 0, 0, 0, 0, 0, 0, 0, 0, 0, 0, 0, 0, 0, 0, 0, 0, 0, 0, 0, 0, 0, 0, 0, 0, 0, 0, 0, 0, 0]
0.44855541253923087
[79, 64, 79, 75, 77, 56, 58, 64, 71, 70, 60, 68, 72, 58, 55, 64, 72, 61, 76, 64, 71, 77, 67, 66, 54, 66, 76, 79, 63, 72, 60, 79]
[0, 0, 0, 0, 0, 0, 0, 0, 0, 0, 0, 0, 0, 0, 0, 0, 0, 0, 0, 0, 0, 0, 0, 0, 0, 0, 0, 0, 0, 0, 0, 0]
0.967578748509448
[75, 54, 55, 75, 54, 61, 53, 70, 67, 69, 71, 70, 77, 70, 73, 75, 65, 55, 76, 67, 77, 56, 77, 72, 61, 73, 65, 77, 61, 55, 53, 54]
[0, 0, 0, 0, 0, 0, 0, 0, 0, 0, 0, 0, 0, 0, 0, 0, 0, 0, 0, 0, 0, 0, 0, 0, 0, 0, 0, 0, 0, 0, 0, 0]
0.9613376549614799
[63, 57, 58, 79, 74, 65, 59, 77, 76, 76, 55, 78, 68, 77, 74, 55, 67, 57, 78, 67, 53, 59, 53, 73, 59, 68, 60, 74, 60, 55, 53, 54]
[0, 0, 0, 0, 0, 0, 0, 0, 0, 0, 0, 0, 0, 0, 0, 0, 0, 0, 0, 0, 0, 0, 0, 0, 0, 0, 0, 0, 0, 0, 0, 0]
0.9631326109568278
[69, 72, 74, 69, 73, 55, 65, 59, 59, 57, 53, 55, 58, 67, 59, 75, 68, 59, 53, 68, 53, 56, 72, 71, 58, 72, 64, 53, 66, 58, 56, 54]
[0, 0, 0, 0, 0, 0, 0, 0, 0, 0, 0, 0, 0, 0, 0, 0, 0, 0, 0, 0, 0, 0, 0, 0, 0, 0, 0, 0, 0, 0, 0, 0]
0.9668345928704867
[78, 61, 73, 69, 76, 57, 62, 68, 72, 71, 61, 69, 70, 56, 53, 62, 76, 65, 79, 64, 65, 77, 72, 70, 59, 63, 71, 77, 62, 76, 61, 53]
[0, 0, 0, 0, 0, 0, 0, 0, 0, 0, 0, 0, 0, 0, 0, 0, 0, 0, 0, 0, 0, 0, 0, 0, 0, 0, 0, 0, 0, 0, 0, 0]
0.9643956173393461
[63, 57, 58, 78, 77, 61, 59, 76, 76, 74, 73, 70, 79, 70, 69, 78, 74, 60, 53, 68, 75, 62, 76, 70, 53, 59, 71, 76, 56, 67, 53, 73]
[0, 0, 0, 0, 0, 0, 0, 0, 0, 0, 0, 0, 0, 0, 0, 0, 0, 0, 0, 0, 0, 0, 0, 0, 0, 0, 0, 0, 0, 0, 0, 0]
0.9636093548180042
[69, 69, 71, 66, 70, 55, 65, 59, 59, 57, 53, 55, 58, 64, 56, 72, 71, 57, 58, 70, 64, 75, 64, 61, 64, 73, 79, 75, 62, 55, 59, 54]
[0, 0, 0, 0, 0, 0, 0, 0, 0, 0, 0, 0, 0, 0, 0, 0, 0, 0, 0, 0, 0, 0, 0, 0, 0, 0, 0, 0, 0, 0, 0, 0]
0.9645329196991458
[75, 54, 55, 75, 54, 61, 53, 70, 67, 69, 71, 70, 77, 70, 73, 77, 70, 61, 79, 70, 55, 58, 73, 66, 56, 70, 63, 53, 63, 55, 53, 54]
[0, 0, 0, 0, 0, 0, 0, 0, 0, 0, 0, 0, 0, 0, 0, 0, 0, 0, 0, 0, 0, 0, 0, 0, 0, 0, 0, 0, 0, 0, 0, 0]
0.9658745878486222
[79, 64, 79, 75, 77, 56, 58, 64, 71, 70, 60, 68, 72, 59, 56, 65, 62, 77, 74, 62, 73, 53, 70, 66, 59, 72, 66, 56, 66, 58, 53, 54]
[0, 0, 0, 0, 0, 0, 0, 0, 0, 0, 0, 0, 0, 0, 0, 0, 0, 0, 0, 0, 0, 0, 0, 0, 0, 0, 0, 0, 0, 0, 0, 0]
0.9544913796071083
[75, 54, 55, 75, 54, 61, 53, 70, 67, 69, 71, 70, 77, 70, 73, 77, 78, 69, 53, 67, 66, 75, 68, 65, 56, 60, 70, 77, 60, 74, 59, 78]
[0, 0, 0, 0, 0, 0, 0, 0, 0, 0, 0, 0, 0, 0, 0, 0, 0, 0, 0, 0, 0, 0, 0, 0, 0, 0, 0, 0, 0, 0, 0, 0]
0.7582944926818211
[61, 58, 59, 77, 78, 58, 56, 75, 75, 74, 73, 70, 79, 67, 66, 75, 69, 61, 79, 70, 55, 58, 73, 66, 56, 70, 63, 53, 63, 55, 53, 54]
[0, 0, 0, 0, 0, 0, 0, 0, 0, 0, 0, 0, 0, 0, 0, 0, 0, 0, 0, 0, 0, 0, 0, 0, 0, 0, 0, 0, 0, 0, 0, 0]
0.9608964570230908
[75, 55, 58, 77, 56, 62, 72, 70, 67, 69, 74, 73, 53, 73, 73, 77, 78, 69, 53, 67, 69, 78, 71, 68, 56, 60, 70, 77, 60, 74, 59, 78]
[0, 0, 0, 0, 0, 0, 0, 0, 0, 0, 0, 0, 0, 0, 0, 0, 0, 0, 0, 0, 0, 0, 0, 0, 0, 0, 0, 0, 0, 0, 0, 0]
0.9165965351085553
[59, 53, 54, 74, 76, 56, 73, 64, 67, 69, 75, 73, 79, 69, 69, 73, 73, 64, 55, 71, 53, 57, 78, 73, 63, 76, 63, 53, 63, 55, 53, 54]
[0, 0, 0, 0, 0, 0, 0, 0, 0, 0, 0, 0, 0, 0, 0, 0, 0, 0, 0, 0, 0, 0, 0, 0, 0, 0, 0, 0, 0, 0, 0, 0]
0.9616227249945363
[79, 64, 79, 75, 77, 56, 58, 64, 71, 70, 60, 68, 72, 58, 55, 64, 62, 77, 74, 60, 71, 78, 68, 66, 59, 72, 66, 56, 66, 58, 53, 54]
[0, 0, 0, 0, 0, 0, 0, 0, 0, 0, 0, 0, 0, 0, 0, 0, 0, 0, 0, 0, 0, 0, 0, 0, 0, 0, 0, 0, 0, 0, 0, 0]
0.9660175016233998
[75, 54, 55, 75, 54, 61, 53, 70, 67, 69, 71, 70, 77, 70, 73, 77, 67, 58, 76, 65, 53, 54, 75, 70, 60, 76, 63, 53, 63, 55, 53, 54]
[0, 0, 0, 0, 0, 0, 0, 0, 0, 0, 0, 0, 0, 0, 0, 0, 0, 0, 0, 0, 0, 0, 0, 0, 0, 0, 0, 0, 0, 0, 0, 0]
0.9631898408068551
[78, 64, 76, 72, 77, 55, 60, 66, 72, 71, 61, 69, 70, 56, 54, 63, 73, 62, 76, 64, 71, 53, 70, 69, 57, 66, 76, 76, 60, 69, 57, 79]
[0, 0, 0, 0, 0, 0, 0, 0, 0, 0, 0, 0, 0, 0, 0, 0, 0, 0, 0, 0, 0, 0, 0, 0, 0, 0, 0, 0, 0, 0, 0, 0]
0.9646258152723313
[69, 75, 79, 74, 78, 57, 65, 59, 62, 60, 56, 58, 58, 67, 59, 75, 67, 58, 76, 65, 53, 54, 75, 70, 60, 76, 63, 53, 63, 55, 53, 54]
[0, 0, 0, 0, 0, 0, 0, 0, 0, 0, 0, 0, 0, 0, 0, 0, 0, 0, 0, 0, 0, 0, 0, 0, 0, 0, 0, 0, 0, 0, 0, 0]
0.9649536766060467
[59, 53, 54, 74, 76, 56, 73, 64, 67, 66, 72, 70, 76, 69, 69, 73, 72, 61, 76, 64, 71, 53, 70, 69, 57, 66, 76, 76, 60, 69, 57, 79]
[0, 0, 0, 0, 0, 0, 0, 0, 0, 0, 0, 0, 0, 0, 0, 0, 0, 0, 0, 0, 0, 0, 0, 0, 0, 0, 0, 0, 0, 0, 0, 0]
0.965936484086898
[75, 54, 55, 75, 54, 61, 53, 70, 68, 70, 72, 71, 77, 70, 73, 77, 70, 57, 53, 64, 70, 77, 71, 74, 58, 68, 79, 71, 62, 58, 62, 54]
[0, 0, 0, 0, 0, 0, 0, 0, 0, 0, 0, 0, 0, 0, 0, 0, 0, 0, 0, 0, 0, 0, 0, 0, 0, 0, 0, 0, 0, 0, 0, 0]
0.873466974610374
[61, 55, 58, 76, 77, 60, 56, 75, 75, 74, 73, 73, 55, 74, 73, 54, 72, 61, 76, 65, 74, 56, 73, 69, 55, 65, 75, 75, 60, 68, 56, 78]
[0, 0, 0, 0, 0, 0, 0, 0, 0, 0, 0, 0, 0, 0, 0, 0, 0, 0, 0, 0, 0, 0, 0, 0, 0, 0, 0, 0, 0, 0, 0, 0]
0.9607633879714541
[63, 57, 58, 79, 74, 65, 59, 77, 76, 76, 77, 78, 68, 78, 75, 56, 73, 64, 55, 71, 53, 57, 78, 73, 63, 76, 63, 53, 63, 55, 53, 54]
[0, 0, 0, 0, 0, 0, 0, 0, 0, 0, 0, 0, 0, 0, 0, 0, 0, 0, 0, 0, 0, 0, 0, 0, 0, 0, 0, 0, 0, 0, 0, 0]
0.9562376005517111
[59, 53, 54, 74, 76, 56, 73, 64, 67, 69, 75, 73, 79, 69, 69, 73, 74, 64, 55, 71, 53, 58, 79, 74, 64, 76, 63, 53, 63, 55, 53, 54]
[0, 0, 0, 0, 0, 0, 0, 0, 0, 0, 0, 0, 0, 0, 0, 0, 0, 0, 0, 0, 0, 0, 0, 0, 0, 0, 0, 0, 0, 0, 0, 0]
0.9593031680319044
[69, 72, 74, 69, 73, 55, 65, 59, 59, 57, 53, 55, 58, 67, 59, 75, 67, 56, 74, 63, 78, 57, 73, 68, 58, 71, 63, 53, 63, 55, 53, 54]
[0, 0, 0, 0, 0, 0, 0, 0, 0, 0, 0, 0, 0, 0, 0, 0, 0, 0, 0, 0, 0, 0, 0, 0, 0, 0, 0, 0, 0, 0, 0, 0]
0.9631437507496086
[79, 64, 79, 75, 77, 56, 58, 64, 72, 71, 61, 69, 72, 59, 56, 65, 67, 57, 79, 68, 78, 57, 77, 72, 61, 73, 65, 77, 61, 55, 53, 54]
[0, 0, 0, 0, 0, 0, 0, 0, 0, 0, 0, 0, 0, 0, 0, 0, 0, 0, 0, 0, 0, 0, 0, 0, 0, 0, 0, 0, 0, 0, 0, 0]
0.9639953514867359
[64, 58, 59, 53, 56, 65, 58, 76, 72, 72, 73, 69, 77, 71, 74, 55, 67, 57, 78, 67, 77, 56, 77, 72, 61, 73, 65, 77, 61, 55, 53, 54]
[0, 0, 0, 0, 0, 0, 0, 0, 0, 0, 0, 0, 0, 0, 0, 0, 0, 0, 0, 0, 0, 0, 0, 0, 0, 0, 0, 0, 0, 0, 0, 0]
0.9666808602245904
[79, 64, 79, 75, 77, 56, 58, 64, 71, 70, 63, 71, 75, 62, 56, 65, 70, 63, 54, 70, 53, 57, 78, 73, 63, 76, 63, 53, 63, 55, 53, 54]
[0, 0, 0, 0, 0, 0, 0, 0, 0, 0, 0, 0, 0, 0, 0, 0, 0, 0, 0, 0, 0, 0, 0, 0, 0, 0, 0, 0, 0, 0, 0, 0]
0.9666756155157601
[78, 61, 73, 69, 76, 57, 59, 65, 69, 68, 61, 69, 70, 56, 53, 62, 67, 57, 78, 67, 53, 59, 53, 73, 59, 64, 60, 74, 60, 55, 53, 54]
[0, 0, 0, 0, 0, 0, 0, 0, 0, 0, 0, 0, 0, 0, 0, 0, 0, 0, 0, 0, 0, 0, 0, 0, 0, 0, 0, 0, 0, 0, 0, 0]
0.9445304670769681
[78, 64, 76, 72, 77, 55, 60, 66, 72, 71, 61, 69, 70, 56, 53, 62, 71, 57, 58, 70, 64, 75, 64, 61, 64, 73, 79, 75, 62, 55, 59, 63]
[0, 0, 0, 0, 0, 0, 0, 0, 0, 0, 0, 0, 0, 0, 0, 0, 0, 0, 0, 0, 0, 0, 0, 0, 0, 0, 0, 0, 0, 0, 0, 0]
0.8745523941384421
[69, 71, 74, 69, 73, 55, 67, 66, 66, 65, 59, 61, 64, 73, 64, 75, 72, 61, 76, 64, 71, 53, 70, 69, 57, 66, 76, 75, 59, 68, 56, 79]
[0, 0, 0, 0, 0, 0, 0, 0, 0, 0, 0, 0, 0, 0, 0, 0, 0, 0, 0, 0, 0, 0, 0, 0, 0, 0, 0, 0, 0, 0, 0, 0]
0.9688480418029872
[69, 74, 76, 71, 74, 54, 65, 60, 60, 58, 53, 55, 58, 67, 59, 71, 70, 59, 74, 65, 74, 53, 70, 66, 79, 65, 75, 75, 60, 68, 56, 78]
[0, 0, 0, 0, 0, 0, 0, 0, 0, 0, 0, 0, 0, 0, 0, 0, 0, 0, 0, 0, 0, 0, 0, 0, 0, 0, 0, 0, 0, 0, 0, 0]
0.817380913153462
[59, 56, 57, 77, 55, 59, 76, 67, 67, 69, 75, 73, 79, 73, 73, 77, 70, 61, 79, 70, 55, 58, 73, 66, 56, 70, 63, 53, 63, 55, 53, 54]
[0, 0, 0, 0, 0, 0, 0, 0, 0, 0, 0, 0, 0, 0, 0, 0, 0, 0, 0, 0, 0, 0, 0, 0, 0, 0, 0, 0, 0, 0, 0, 0]
0.9553537636546678
[75, 54, 55, 75, 54, 61, 53, 70, 67, 69, 71, 70, 77, 70, 73, 77, 70, 57, 53, 64, 70, 77, 71, 74, 56, 66, 78, 69, 62, 58, 61, 54]
[0, 0, 0, 0, 0, 0, 0, 0, 0, 0, 0, 0, 0, 0, 0, 0, 0, 0, 0, 0, 0, 0, 0, 0, 0, 0, 0, 0, 0, 0, 0, 0]
0.9680019924845746
[79, 64, 55, 77, 79, 58, 57, 64, 71, 70, 60, 68, 73, 59, 56, 65, 70, 63, 54, 70, 53, 57, 78, 73, 63, 76, 63, 53, 63, 55, 53, 54]
[0, 0, 0, 0, 0, 0, 0, 0, 0, 0, 0, 0, 0, 0, 0, 0, 0, 0, 0, 0, 0, 0, 0, 0, 0, 0, 0, 0, 0, 0, 0, 0]
0.8881123234187402
[75, 54, 55, 75, 54, 61, 53, 70, 67, 69, 71, 70, 77, 70, 73, 77, 62, 77, 74, 62, 73, 53, 70, 66, 59, 72, 66, 56, 66, 58, 53, 54]
[0, 0, 0, 0, 0, 0, 0, 0, 0, 0, 0, 0, 0, 0, 0, 0, 0, 0, 0, 0, 0, 0, 0, 0, 0, 0, 0, 0, 0, 0, 0, 0]
0.962281036315293
[61, 55, 58, 76, 77, 60, 56, 75, 75, 74, 73, 73, 55, 74, 73, 79, 70, 57, 53, 64, 70, 77, 71, 74, 58, 68, 79, 72, 64, 60, 64, 55]
[0, 0, 0, 0, 0, 0, 0, 0, 0, 0, 0, 0, 0, 0, 0, 0, 0, 0, 0, 0, 0, 0, 0, 0, 0, 0, 0, 0, 0, 0, 0, 0]
0.9679824022981856
[69, 72, 74, 69, 74, 56, 66, 60, 59, 57, 53, 55, 58, 70, 62, 78, 75, 61, 76, 64, 71, 53, 70, 69, 57, 66, 76, 76, 60, 69, 57, 79]
[0, 0, 0, 0, 0, 0, 0, 0, 0, 0, 0, 0, 0, 0, 0, 0, 0, 0, 0, 0, 0, 0, 0, 0, 0, 0, 0, 0, 0, 0, 0, 0]
0.9679072412517336
[69, 77, 79, 74, 77, 54, 65, 60, 60, 58, 53, 55, 58, 67, 59, 71, 69, 57, 78, 67, 77, 56, 77, 72, 61, 73, 60, 77, 63, 55, 53, 54]
[0, 0, 0, 0, 0, 0, 0, 0, 0, 0, 0, 0, 0, 0, 0, 0, 0, 0, 0, 0, 0, 0, 0, 0, 0, 0, 0, 0, 0, 0, 0, 0]
0.7924530557223729
[61, 55, 58, 76, 77, 60, 56, 75, 75, 74, 73, 73, 55, 74, 73, 79, 72, 61, 76, 64, 71, 53, 70, 69, 57, 66, 74, 74, 58, 67, 57, 79]
[0, 0, 0, 0, 0, 0, 0, 0, 0, 0, 0, 0, 0, 0, 0, 0, 0, 0, 0, 0, 0, 0, 0, 0, 0, 0, 0, 0, 0, 0, 0, 0]
0.964052898367246
[69, 75, 79, 74, 78, 57, 65, 59, 62, 60, 56, 58, 58, 67, 59, 75, 71, 57, 58, 68, 62, 73, 62, 61, 65, 74, 53, 76, 62, 55, 59, 54]
[0, 0, 0, 0, 0, 0, 0, 0, 0, 0, 0, 0, 0, 0, 0, 0, 0, 0, 0, 0, 0, 0, 0, 0, 0, 0, 0, 0, 0, 0, 0, 0]
0.9709347556034724
[69, 74, 76, 71, 74, 54, 65, 60, 60, 58, 53, 55, 58, 67, 59, 71, 72, 61, 76, 64, 71, 53, 70, 69, 57, 66, 76, 76, 60, 69, 57, 79]
[0, 0, 0, 0, 0, 0, 0, 0, 0, 0, 0, 0, 0, 0, 0, 0, 0, 0, 0, 0, 0, 0, 0, 0, 0, 0, 0, 0, 0, 0, 0, 0]
0.9703003349304198
[78, 61, 73, 69, 76, 57, 62, 68, 73, 72, 62, 70, 70, 56, 53, 62, 67, 57, 76, 65, 75, 54, 77, 72, 61, 73, 65, 77, 63, 55, 53, 54]
[0, 0, 0, 0, 0, 0, 0, 0, 0, 0, 0, 0, 0, 0, 0, 0, 0, 0, 0, 0, 0, 0, 0, 0, 0, 0, 0, 0, 0, 0, 0, 0]
0.9644076778696871
[61, 58, 59, 77, 78, 58, 56, 75, 75, 74, 73, 70, 79, 68, 67, 76, 72, 61, 76, 64, 71, 53, 70, 70, 58, 67, 77, 76, 60, 69, 57, 79]
[0, 0, 0, 0, 0, 0, 0, 0, 0, 0, 0, 0, 0, 0, 0, 0, 0, 0, 0, 0, 0, 0, 0, 0, 0, 0, 0, 0, 0, 0, 0, 0]
0.9674571237550385
[69, 75, 77, 72, 76, 55, 65, 59, 62, 60, 56, 58, 58, 67, 59, 75, 72, 61, 76, 64, 71, 53, 70, 69, 57, 66, 76, 76, 60, 69, 57, 79]
[0, 0, 0, 0, 0, 0, 0, 0, 0, 0, 0, 0, 0, 0, 0, 0, 0, 0, 0, 0, 0, 0, 0, 0, 0, 0, 0, 0, 0, 0, 0, 0]
0.962634175708217
[69, 72, 74, 69, 74, 56, 66, 60, 59, 57, 53, 55, 58, 67, 59, 75, 70, 61, 79, 70, 55, 58, 73, 64, 54, 68, 61, 53, 63, 55, 53, 54]
[0, 0, 0, 0, 0, 0, 0, 0, 0, 0, 0, 0, 0, 0, 0, 0, 0, 0, 0, 0, 0, 0, 0, 0, 0, 0, 0, 0, 0, 0, 0, 0]
0.9552769907123299
[78, 61, 73, 69, 76, 57, 59, 65, 69, 68, 61, 69, 70, 56, 53, 62, 73, 63, 54, 70, 79, 57, 79, 74, 64, 53, 66, 56, 66, 55, 53, 54]
[0, 0, 0, 0, 0, 0, 0, 0, 0, 0, 0, 0, 0, 0, 0, 0, 0, 0, 0, 0, 0, 0, 0, 0, 0, 0, 0, 0, 0, 0, 0, 0]
0.9563564406249714
[59, 53, 54, 77, 55, 62, 79, 67, 67, 69, 75, 73, 79, 73, 73, 77, 76, 67, 58, 71, 53, 57, 78, 73, 63, 76, 63, 53, 63, 55, 53, 54]
[0, 0, 0, 0, 0, 0, 0, 0, 0, 0, 0, 0, 0, 0, 0, 0, 0, 0, 0, 0, 0, 0, 0, 0, 0, 0, 0, 0, 0, 0, 0, 0]
0.9626655826398304
[59, 53, 54, 74, 79, 59, 76, 67, 67, 69, 75, 73, 79, 73, 73, 77, 72, 61, 76, 64, 71, 53, 70, 69, 57, 66, 76, 76, 60, 69, 57, 79]
[0, 0, 0, 0, 0, 0, 0, 0, 0, 0, 0, 0, 0, 0, 0, 0, 0, 0, 0, 0, 0, 0, 0, 0, 0, 0, 0, 0, 0, 0, 0, 0]
0.9621630087078258
[78, 65, 53, 76, 79, 56, 58, 61, 69, 68, 58, 69, 70, 56, 78, 60, 69, 57, 78, 67, 77, 56, 77, 72, 61, 73, 60, 77, 63, 55, 53, 54]
[0, 0, 0, 0, 0, 0, 0, 0, 0, 0, 0, 0, 0, 0, 0, 0, 0, 0, 0, 0, 0, 0, 0, 0, 0, 0, 0, 0, 0, 0, 0, 0]
0.9677875626219643
[79, 64, 79, 75, 77, 56, 58, 64, 71, 70, 60, 68, 72, 59, 56, 65, 72, 61, 76, 64, 71, 53, 70, 70, 58, 67, 77, 76, 60, 69, 57, 79]
[0, 0, 0, 0, 0, 0, 0, 0, 0, 0, 0, 0, 0, 0, 0, 0, 0, 0, 0, 0, 0, 0, 0, 0, 0, 0, 0, 0, 0, 0, 0, 0]
0.9506831933643626
[64, 58, 59, 53, 56, 65, 59, 77, 73, 73, 73, 69, 77, 71, 74, 55, 70, 61, 79, 70, 55, 58, 73, 66, 56, 71, 64, 54, 64, 55, 53, 54]
[0, 0, 0, 0, 0, 0, 0, 0, 0, 0, 0, 0, 0, 0, 0, 0, 0, 0, 0, 0, 0, 0, 0, 0, 0, 0, 0, 0, 0, 0, 0, 0]
0.9653043346571666
[75, 54, 55, 75, 54, 61, 53, 70, 67, 69, 71, 70, 77, 70, 73, 77, 71, 55, 77, 61, 67, 78, 72, 75, 65, 68, 79, 71, 60, 56, 60, 79]
[0, 0, 0, 0, 0, 0, 0, 0, 0, 0, 0, 0, 0, 0, 0, 0, 0, 0, 0, 0, 0, 0, 0, 0, 0, 0, 0, 0, 0, 0, 0, 0]
0.9543020205536196
[69, 72, 73, 68, 73, 55, 66, 60, 59, 57, 53, 55, 58, 67, 59, 75, 62, 77, 74, 62, 73, 53, 70, 66, 59, 72, 66, 56, 66, 58, 53, 54]
[0, 0, 0, 0, 0, 0, 0, 0, 0, 0, 0, 0, 0, 0, 0, 0, 0, 0, 0, 0, 0, 0, 0, 0, 0, 0, 0, 0, 0, 0, 0, 0]
0.9685184572802649
[69, 77, 79, 74, 77, 54, 65, 60, 60, 58, 53, 55, 58, 67, 59, 71, 76, 65, 79, 64, 65, 77, 72, 70, 59, 63, 73, 79, 65, 79, 62, 54]
[0, 0, 0, 0, 0, 0, 0, 0, 0, 0, 0, 0, 0, 0, 0, 0, 0, 0, 0, 0, 0, 0, 0, 0, 0, 0, 0, 0, 0, 0, 0, 0]
0.9705757484965855
[75, 54, 55, 75, 54, 61, 53, 70, 67, 69, 71, 70, 77, 70, 73, 77, 72, 61, 76, 64, 71, 53, 70, 69, 57, 63, 73, 73, 57, 69, 57, 79]
[0, 0, 0, 0, 0, 0, 0, 0, 0, 0, 0, 0, 0, 0, 0, 0, 0, 0, 0, 0, 0, 0, 0, 0, 0, 0, 0, 0, 0, 0, 0, 0]
0
[75, 54, 55, 75, 54, 61, 53, 70, 67, 69, 71, 70, 77, 70, 53, 77, 73, 64, 55, 71, 53, 57, 78, 73, 63, 76, 63, 53, 63, 55, 53, 54]
[0, 0, 0, 0, 0, 0, 0, 0, 0, 0, 0, 0, 0, 0, 0, 0, 0, 0, 0, 0, 0, 0, 0, 0, 0, 0, 0, 0, 0, 0, 0, 0]
0.9638381867436157
[69, 74, 78, 73, 77, 57, 63, 57, 57, 57, 56, 58, 61, 68, 59, 78, 70, 57, 53, 64, 70, 77, 71, 74, 58, 68, 79, 71, 62, 58, 62, 54]
[0, 0, 0, 0, 0, 0, 0, 0, 0, 0, 0, 0, 0, 0, 0, 0, 0, 0, 0, 0, 0, 0, 0, 0, 0, 0, 0, 0, 0, 0, 0, 0]
0.956346356560444
[78, 61, 73, 69, 76, 57, 62, 68, 73, 72, 62, 70, 70, 56, 53, 62, 62, 77, 74, 62, 73, 53, 70, 66, 59, 69, 63, 53, 63, 58, 53, 54]
[0, 0, 0, 0, 0, 0, 0, 0, 0, 0, 0, 0, 0, 0, 0, 0, 0, 0, 0, 0, 0, 0, 0, 0, 0, 0, 0, 0, 0, 0, 0, 0]
0.9017072637081145
[69, 75, 79, 74, 78, 57, 65, 59, 62, 60, 56, 58, 58, 67, 59, 75, 67, 56, 74, 63, 78, 60, 78, 73, 63, 73, 63, 53, 63, 55, 53, 54]
[0, 0, 0, 0, 0, 0, 0, 0, 0, 0, 0, 0, 0, 0, 0, 0, 0, 0, 0, 0, 0, 0, 0, 0, 0, 0, 0, 0, 0, 0, 0, 0]
0.957826120800442
[61, 55, 56, 74, 75, 58, 56, 75, 75, 74, 73, 70, 79, 71, 56, 79, 67, 57, 78, 67, 77, 56, 77, 72, 61, 73, 60, 77, 63, 55, 53, 54]
[0, 0, 0, 0, 0, 0, 0, 0, 0, 0, 0, 0, 0, 0, 0, 0, 0, 0, 0, 0, 0, 0, 0, 0, 0, 0, 0, 0, 0, 0, 0, 0]
0.5038233341375986
[69, 71, 74, 69, 73, 55, 67, 66, 66, 65, 59, 61, 64, 73, 64, 75, 70, 57, 53, 64, 70, 77, 71, 74, 56, 66, 78, 69, 62, 58, 61, 54]
[0, 0, 0, 0, 0, 0, 0, 0, 0, 0, 0, 0, 0, 0, 0, 0, 0, 0, 0, 0, 0, 0, 0, 0, 0, 0, 0, 0, 0, 0, 0, 0]
0.9615650103092193
[63, 57, 58, 79, 74, 65, 59, 77, 76, 76, 55, 78, 68, 77, 74, 55, 74, 64, 55, 71, 53, 57, 78, 73, 63, 76, 63, 53, 63, 55, 53, 54]
[0, 0, 0, 0, 0, 0, 0, 0, 0, 0, 0, 0, 0, 0, 0, 0, 0, 0, 0, 0, 0, 0, 0, 0, 0, 0, 0, 0, 0, 0, 0, 0]
0.9689594075392032
[67, 72, 76, 71, 77, 57, 64, 58, 58, 58, 55, 58, 61, 68, 60, 75, 71, 57, 58, 70, 64, 75, 64, 61, 65, 74, 53, 76, 63, 56, 60, 55]
[0, 0, 0, 0, 0, 0, 0, 0, 0, 0, 0, 0, 0, 0, 0, 0, 0, 0, 0, 0, 0, 0, 0, 0, 0, 0, 0, 0, 0, 0, 0, 0]
0.9683883250464675
[78, 61, 73, 69, 76, 57, 59, 65, 69, 68, 61, 69, 70, 56, 53, 62, 74, 60, 53, 68, 75, 62, 76, 68, 78, 60, 72, 79, 59, 67, 53, 73]
[0, 0, 0, 0, 0, 0, 0, 0, 0, 0, 0, 0, 0, 0, 0, 0, 0, 0, 0, 0, 0, 0, 0, 0, 0, 0, 0, 0, 0, 0, 0, 0]
0.9630829877551945
[64, 58, 59, 53, 56, 65, 59, 77, 75, 75, 78, 74, 53, 74, 74, 55, 70, 57, 78, 67, 77, 56, 77, 72, 61, 73, 65, 77, 63, 55, 53, 54]
[0, 0, 0, 0, 0, 0, 0, 0, 0, 0, 0, 0, 0, 0, 0, 0, 0, 0, 0, 0, 0, 0, 0, 0, 0, 0, 0, 0, 0, 0, 0, 0]
0
[70, 78, 53, 75, 77, 54, 65, 60, 60, 58, 53, 55, 58, 67, 59, 71, 76, 65, 79, 64, 65, 77, 72, 70, 59, 63, 71, 77, 62, 76, 61, 53]
[0, 0, 0, 0, 0, 0, 0, 0, 0, 0, 0, 0, 0, 0, 0, 0, 0, 0, 0, 0, 0, 0, 0, 0, 0, 0, 0, 0, 0, 0, 0, 0]
0.9677628069586224
[69, 72, 74, 69, 74, 56, 66, 60, 59, 57, 53, 55, 58, 67, 59, 75, 72, 61, 76, 64, 71, 53, 70, 69, 57, 66, 76, 76, 60, 69, 57, 79]
[0, 0, 0, 0, 0, 0, 0, 0, 0, 0, 0, 0, 0, 0, 0, 0, 0, 0, 0, 0, 0, 0, 0, 0, 0, 0, 0, 0, 0, 0, 0, 0]
