0.9639577513535816
[65, 63, 64, 60, 79, 68, 57, 74, 67, 64, 73, 63, 60, 54, 65, 65, 73, 63, 56, 62, 71, 59, 64, 71, 79, 71, 54, 55, 53, 74, 56, 77]
[0, 0, 0, 0, 0, 0, 0, 0, 0, 0, 0, 0, 0, 0, 0, 0, 0, 0, 0, 0, 0, 0, 0, 0, 0, 0, 0, 0, 0, 0, 0, 0]
0.5623276819123162
[65, 63, 66, 62, 54, 70, 57, 74, 67, 64, 73, 63, 61, 55, 66, 66, 67, 64, 55, 64, 72, 58, 64, 69, 53, 73, 60, 70, 67, 77, 56, 58]
[0, 0, 0, 0, 0, 0, 0, 0, 0, 0, 0, 0, 0, 0, 0, 0, 0, 0, 0, 0, 0, 0, 0, 0, 0, 0, 0, 0, 0, 0, 0, 0]
0.9581448166537029
[69, 59, 63, 57, 56, 70, 76, 72, 56, 68, 56, 69, 57, 60, 68, 56, 71, 67, 60, 57, 67, 54, 63, 71, 79, 63, 73, 56, 67, 59, 58, 79]
[0, 0, 0, 0, 0, 0, 0, 0, 0, 0, 0, 0, 0, 0, 0, 0, 0, 0, 0, 0, 0, 0, 0, 0, 0, 0, 0, 0, 0, 0, 0, 0]
0.9631544389857185
[63, 58, 61, 55, 76, 72, 60, 56, 75, 70, 78, 62, 59, 54, 72, 69, 70, 67, 58, 69, 71, 58, 68, 74, 55, 58, 63, 63, 79, 76, 57, 73]
[0, 0, 0, 0, 0, 0, 0, 0, 0, 0, 0, 0, 0, 0, 0, 0, 0, 0, 0, 0, 0, 0, 0, 0, 0, 0, 0, 0, 0, 0, 0, 0]
0.9631517571274951
[64, 60, 64, 61, 65, 78, 60, 53, 65, 68, 53, 62, 74, 61, 67, 59, 67, 62, 53, 68, 66, 53, 64, 63, 76, 57, 65, 63, 57, 78, 55, 76]
[0, 0, 0, 0, 0, 0, 0, 0, 0, 0, 0, 0, 0, 0, 0, 0, 0, 0, 0, 0, 0, 0, 0, 0, 0, 0, 0, 0, 0, 0, 0, 0]
0.9601190374911516
[67, 63, 67, 67, 68, 54, 65, 55, 68, 71, 54, 68, 79, 61, 69, 56, 78, 77, 77, 62, 67, 58, 67, 58, 64, 78, 56, 58, 69, 56, 59, 53]
[0, 0, 0, 0, 0, 0, 0, 0, 0, 0, 0, 0, 0, 0, 0, 0, 0, 0, 0, 0, 0, 0, 0, 0, 0, 0, 0, 0, 0, 0, 0, 0]
0.9650876318575233
[64, 60, 64, 61, 65, 78, 62, 55, 67, 68, 75, 62, 74, 60, 69, 53, 60, 54, 77, 62, 60, 57, 66, 57, 61, 79, 56, 55, 67, 79, 56, 53]
[0, 0, 0, 0, 0, 0, 0, 0, 0, 0, 0, 0, 0, 0, 0, 0, 0, 0, 0, 0, 0, 0, 0, 0, 0, 0, 0, 0, 0, 0, 0, 0]
0.9694005633592605
[66, 61, 68, 65, 56, 76, 60, 53, 68, 66, 74, 55, 55, 53, 68, 76, 62, 58, 56, 62, 72, 64, 62, 76, 64, 79, 72, 74, 75, 63, 57, 76]
[0, 0, 0, 0, 0, 0, 0, 0, 0, 0, 0, 0, 0, 0, 0, 0, 0, 0, 0, 0, 0, 0, 0, 0, 0, 0, 0, 0, 0, 0, 0, 0]
0.966873339705997
[65, 63, 64, 60, 54, 71, 64, 54, 72, 70, 75, 65, 59, 78, 62, 65, 58, 79, 77, 62, 62, 59, 68, 61, 62, 53, 57, 56, 67, 79, 56, 53]
[0, 0, 0, 0, 0, 0, 0, 0, 0, 0, 0, 0, 0, 0, 0, 0, 0, 0, 0, 0, 0, 0, 0, 0, 0, 0, 0, 0, 0, 0, 0, 0]
0.9650637648228941
[63, 58, 59, 53, 71, 62, 79, 75, 75, 75, 60, 69, 60, 54, 61, 65, 59, 55, 53, 62, 72, 64, 65, 79, 67, 54, 69, 67, 70, 59, 55, 76]
[0, 0, 0, 0, 0, 0, 0, 0, 0, 0, 0, 0, 0, 0, 0, 0, 0, 0, 0, 0, 0, 0, 0, 0, 0, 0, 0, 0, 0, 0, 0, 0]
0.9650565955488161
[63, 58, 59, 56, 74, 65, 55, 75, 69, 69, 54, 63, 59, 53, 60, 64, 74, 69, 69, 56, 72, 79, 59, 74, 55, 75, 74, 65, 78, 65, 59, 79]
[0, 0, 0, 0, 0, 0, 0, 0, 0, 0, 0, 0, 0, 0, 0, 0, 0, 0, 0, 0, 0, 0, 0, 0, 0, 0, 0, 0, 0, 0, 0, 0]
0.967338959786627
[64, 60, 62, 59, 63, 76, 60, 53, 65, 69, 54, 64, 76, 62, 68, 58, 59, 55, 53, 62, 72, 64, 65, 79, 66, 54, 69, 69, 73, 61, 57, 76]
[0, 0, 0, 0, 0, 0, 0, 0, 0, 0, 0, 0, 0, 0, 0, 0, 0, 0, 0, 0, 0, 0, 0, 0, 0, 0, 0, 0, 0, 0, 0, 0]
0.966634284125434
[63, 58, 59, 77, 70, 64, 57, 53, 74, 69, 75, 62, 57, 53, 63, 67, 58, 79, 77, 62, 62, 59, 67, 60, 61, 79, 57, 56, 67, 79, 56, 53]
[0, 0, 0, 0, 0, 0, 0, 0, 0, 0, 0, 0, 0, 0, 0, 0, 0, 0, 0, 0, 0, 0, 0, 0, 0, 0, 0, 0, 0, 0, 0, 0]
0.45393638414806786
[67, 64, 65, 56, 71, 64, 58, 56, 73, 78, 58, 72, 60, 66, 77, 59, 70, 67, 58, 69, 71, 55, 65, 71, 79, 58, 63, 63, 79, 76, 57, 73]
[0, 0, 0, 0, 0, 0, 0, 0, 0, 0, 0, 0, 0, 0, 0, 0, 0, 0, 0, 0, 0, 0, 0, 0, 0, 0, 0, 0, 0, 0, 0, 0]
0.9701222958039212
[65, 60, 62, 57, 76, 69, 58, 53, 72, 70, 78, 62, 59, 55, 73, 70, 78, 71, 62, 68, 72, 58, 64, 69, 53, 71, 54, 55, 77, 73, 56, 58]
[0, 0, 0, 0, 0, 0, 0, 0, 0, 0, 0, 0, 0, 0, 0, 0, 0, 0, 0, 0, 0, 0, 0, 0, 0, 0, 0, 0, 0, 0, 0, 0]
0.9623589911337556
[67, 63, 67, 67, 68, 54, 65, 55, 68, 71, 54, 68, 79, 64, 70, 57, 70, 67, 58, 69, 71, 55, 65, 71, 79, 58, 63, 63, 79, 76, 57, 73]
[0, 0, 0, 0, 0, 0, 0, 0, 0, 0, 0, 0, 0, 0, 0, 0, 0, 0, 0, 0, 0, 0, 0, 0, 0, 0, 0, 0, 0, 0, 0, 0]
0.966909880624877
[63, 58, 60, 58, 79, 72, 61, 53, 75, 73, 54, 65, 58, 53, 73, 70, 56, 77, 77, 62, 66, 59, 68, 59, 66, 78, 56, 55, 66, 53, 56, 53]
[0, 0, 0, 0, 0, 0, 0, 0, 0, 0, 0, 0, 0, 0, 0, 0, 0, 0, 0, 0, 0, 0, 0, 0, 0, 0, 0, 0, 0, 0, 0, 0]
0.9635096208386951
[67, 63, 67, 67, 68, 54, 65, 55, 68, 71, 54, 68, 79, 64, 72, 59, 78, 71, 62, 68, 72, 58, 64, 69, 53, 71, 54, 55, 77, 73, 56, 58]
[0, 0, 0, 0, 0, 0, 0, 0, 0, 0, 0, 0, 0, 0, 0, 0, 0, 0, 0, 0, 0, 0, 0, 0, 0, 0, 0, 0, 0, 0, 0, 0]
0.9669008194374782
[63, 58, 60, 56, 77, 70, 59, 53, 72, 70, 78, 62, 59, 54, 72, 69, 58, 79, 77, 62, 61, 58, 67, 60, 62, 53, 57, 56, 67, 79, 56, 53]
[0, 0, 0, 0, 0, 0, 0, 0, 0, 0, 0, 0, 0, 0, 0, 0, 0, 0, 0, 0, 0, 0, 0, 0, 0, 0, 0, 0, 0, 0, 0, 0]
0.9675720995267232
[66, 61, 65, 60, 78, 71, 58, 53, 72, 70, 53, 60, 56, 78, 62, 65, 70, 67, 58, 69, 71, 58, 68, 74, 55, 59, 64, 64, 53, 76, 57, 73]
[0, 0, 0, 0, 0, 0, 0, 0, 0, 0, 0, 0, 0, 0, 0, 0, 0, 0, 0, 0, 0, 0, 0, 0, 0, 0, 0, 0, 0, 0, 0, 0]
0.9708510205822606
[64, 60, 64, 59, 63, 76, 60, 55, 67, 70, 53, 65, 77, 61, 67, 55, 74, 67, 60, 57, 69, 56, 65, 63, 55, 66, 76, 58, 67, 59, 58, 79]
[0, 0, 0, 0, 0, 0, 0, 0, 0, 0, 0, 0, 0, 0, 0, 0, 0, 0, 0, 0, 0, 0, 0, 0, 0, 0, 0, 0, 0, 0, 0, 0]
0.47845379187663395
[65, 66, 67, 63, 55, 68, 57, 73, 66, 65, 74, 65, 60, 79, 63, 63, 71, 67, 60, 57, 67, 54, 63, 71, 79, 63, 73, 56, 67, 59, 58, 79]
[0, 0, 0, 0, 0, 0, 0, 0, 0, 0, 0, 0, 0, 0, 0, 0, 0, 0, 0, 0, 0, 0, 0, 0, 0, 0, 0, 0, 0, 0, 0, 0]
0.9635096208386951
[67, 63, 67, 67, 68, 54, 65, 55, 68, 71, 54, 68, 79, 64, 72, 59, 78, 71, 62, 68, 72, 58, 64, 69, 53, 71, 54, 55, 77, 73, 56, 58]
[0, 0, 0, 0, 0, 0, 0, 0, 0, 0, 0, 0, 0, 0, 0, 0, 0, 0, 0, 0, 0, 0, 0, 0, 0, 0, 0, 0, 0, 0, 0, 0]
0.9650011841721005
[65, 65, 66, 61, 53, 69, 60, 78, 71, 68, 75, 65, 60, 54, 63, 66, 72, 65, 56, 67, 72, 61, 71, 75, 53, 57, 62, 64, 53, 76, 57, 73]
[0, 0, 0, 0, 0, 0, 0, 0, 0, 0, 0, 0, 0, 0, 0, 0, 0, 0, 0, 0, 0, 0, 0, 0, 0, 0, 0, 0, 0, 0, 0, 0]
0.9669359114252287
[63, 58, 60, 54, 75, 68, 57, 53, 72, 70, 78, 62, 59, 54, 70, 67, 57, 56, 56, 65, 75, 64, 65, 79, 65, 53, 71, 71, 76, 68, 57, 76]
[0, 0, 0, 0, 0, 0, 0, 0, 0, 0, 0, 0, 0, 0, 0, 0, 0, 0, 0, 0, 0, 0, 0, 0, 0, 0, 0, 0, 0, 0, 0, 0]
0.8985881365178733
[71, 55, 57, 58, 73, 75, 66, 62, 73, 77, 56, 67, 55, 62, 68, 58, 63, 56, 79, 64, 62, 57, 66, 57, 62, 53, 57, 56, 67, 79, 56, 53]
[0, 0, 0, 0, 0, 0, 0, 0, 0, 0, 0, 0, 0, 0, 0, 0, 0, 0, 0, 0, 0, 0, 0, 0, 0, 0, 0, 0, 0, 0, 0, 0]
0.965063868286789
[63, 55, 56, 77, 68, 60, 77, 71, 68, 70, 54, 63, 55, 58, 60, 64, 78, 69, 55, 61, 69, 55, 64, 69, 53, 73, 57, 58, 53, 74, 56, 57]
[0, 0, 0, 0, 0, 0, 0, 0, 0, 0, 0, 0, 0, 0, 0, 0, 0, 0, 0, 0, 0, 0, 0, 0, 0, 0, 0, 0, 0, 0, 0, 0]
0.9661666200010256
[63, 58, 59, 56, 74, 65, 55, 75, 72, 72, 57, 66, 58, 79, 59, 63, 68, 60, 76, 65, 71, 56, 68, 68, 53, 57, 58, 59, 77, 72, 55, 73]
[0, 0, 0, 0, 0, 0, 0, 0, 0, 0, 0, 0, 0, 0, 0, 0, 0, 0, 0, 0, 0, 0, 0, 0, 0, 0, 0, 0, 0, 0, 0, 0]
0.9641747627847939
[64, 60, 62, 59, 63, 76, 60, 53, 65, 68, 53, 63, 75, 62, 68, 58, 69, 64, 55, 70, 66, 53, 64, 63, 76, 57, 65, 63, 57, 78, 55, 76]
[0, 0, 0, 0, 0, 0, 0, 0, 0, 0, 0, 0, 0, 0, 0, 0, 0, 0, 0, 0, 0, 0, 0, 0, 0, 0, 0, 0, 0, 0, 0, 0]
0.9615494024091296
[63, 58, 60, 58, 79, 72, 61, 53, 75, 73, 54, 65, 58, 53, 73, 70, 66, 58, 76, 65, 71, 56, 68, 68, 56, 61, 59, 60, 75, 69, 55, 73]
[0, 0, 0, 0, 0, 0, 0, 0, 0, 0, 0, 0, 0, 0, 0, 0, 0, 0, 0, 0, 0, 0, 0, 0, 0, 0, 0, 0, 0, 0, 0, 0]
0.9058585967222849
[63, 61, 61, 62, 78, 56, 64, 58, 64, 70, 77, 62, 68, 54, 65, 56, 77, 69, 60, 66, 73, 58, 64, 69, 53, 71, 54, 55, 77, 73, 56, 58]
[0, 0, 0, 0, 0, 0, 0, 0, 0, 0, 0, 0, 0, 0, 0, 0, 0, 0, 0, 0, 0, 0, 0, 0, 0, 0, 0, 0, 0, 0, 0, 0]
0.9661869088397628
[65, 63, 64, 59, 78, 69, 59, 77, 70, 67, 75, 65, 60, 54, 63, 66, 57, 77, 77, 62, 68, 60, 69, 59, 64, 77, 55, 55, 66, 53, 56, 53]
[0, 0, 0, 0, 0, 0, 0, 0, 0, 0, 0, 0, 0, 0, 0, 0, 0, 0, 0, 0, 0, 0, 0, 0, 0, 0, 0, 0, 0, 0, 0, 0]
0.9641041345089332
[67, 63, 67, 67, 68, 54, 65, 55, 68, 71, 54, 68, 79, 64, 70, 57, 58, 54, 53, 62, 72, 64, 65, 79, 67, 55, 70, 70, 73, 61, 57, 76]
[0, 0, 0, 0, 0, 0, 0, 0, 0, 0, 0, 0, 0, 0, 0, 0, 0, 0, 0, 0, 0, 0, 0, 0, 0, 0, 0, 0, 0, 0, 0, 0]
0.963611905732374
[63, 58, 59, 53, 71, 62, 79, 75, 75, 75, 60, 69, 60, 54, 61, 65, 67, 62, 53, 68, 66, 53, 64, 63, 76, 57, 65, 63, 57, 78, 55, 76]
[0, 0, 0, 0, 0, 0, 0, 0, 0, 0, 0, 0, 0, 0, 0, 0, 0, 0, 0, 0, 0, 0, 0, 0, 0, 0, 0, 0, 0, 0, 0, 0]
0.9695125127735958
[64, 60, 62, 59, 63, 76, 60, 53, 65, 68, 77, 60, 72, 59, 66, 56, 72, 65, 60, 57, 72, 59, 68, 65, 54, 65, 75, 58, 67, 59, 58, 79]
[0, 0, 0, 0, 0, 0, 0, 0, 0, 0, 0, 0, 0, 0, 0, 0, 0, 0, 0, 0, 0, 0, 0, 0, 0, 0, 0, 0, 0, 0, 0, 0]
0.9632303738594055
[67, 63, 67, 67, 68, 62, 65, 55, 68, 71, 54, 68, 79, 64, 72, 59, 58, 79, 77, 62, 62, 59, 68, 61, 62, 53, 57, 56, 67, 79, 56, 53]
[0, 0, 0, 0, 0, 0, 0, 0, 0, 0, 0, 0, 0, 0, 0, 0, 0, 0, 0, 0, 0, 0, 0, 0, 0, 0, 0, 0, 0, 0, 0, 0]
0.963783656307446
[63, 77, 79, 73, 64, 61, 77, 71, 67, 70, 54, 63, 55, 74, 55, 61, 71, 67, 60, 57, 67, 54, 63, 71, 79, 63, 73, 56, 67, 59, 58, 79]
[0, 0, 0, 0, 0, 0, 0, 0, 0, 0, 0, 0, 0, 0, 0, 0, 0, 0, 0, 0, 0, 0, 0, 0, 0, 0, 0, 0, 0, 0, 0, 0]
0.9614111547735003
[63, 61, 61, 59, 75, 53, 64, 60, 66, 72, 64, 62, 68, 79, 61, 79, 62, 58, 56, 62, 72, 64, 62, 76, 64, 79, 70, 72, 73, 61, 57, 76]
[0, 0, 0, 0, 0, 0, 0, 0, 0, 0, 0, 0, 0, 0, 0, 0, 0, 0, 0, 0, 0, 0, 0, 0, 0, 0, 0, 0, 0, 0, 0, 0]
0.9628715656777863
[64, 62, 70, 57, 77, 68, 61, 53, 73, 70, 75, 66, 61, 53, 62, 61, 58, 79, 77, 62, 66, 59, 68, 59, 66, 78, 56, 55, 66, 53, 56, 53]
[0, 0, 0, 0, 0, 0, 0, 0, 0, 0, 0, 0, 0, 0, 0, 0, 0, 0, 0, 0, 0, 0, 0, 0, 0, 0, 0, 0, 0, 0, 0, 0]
0.7450481156956765
[63, 58, 59, 77, 73, 67, 57, 53, 71, 66, 75, 62, 57, 53, 63, 67, 74, 67, 60, 57, 69, 58, 67, 65, 57, 66, 76, 58, 67, 59, 58, 79]
[0, 0, 0, 0, 0, 0, 0, 0, 0, 0, 0, 0, 0, 0, 0, 0, 0, 0, 0, 0, 0, 0, 0, 0, 0, 0, 0, 0, 0, 0, 0, 0]
0.8078264742559856
[64, 62, 63, 57, 77, 68, 61, 53, 73, 70, 75, 66, 61, 53, 62, 61, 68, 63, 54, 67, 69, 58, 68, 74, 55, 77, 63, 63, 79, 76, 57, 73]
[0, 0, 0, 0, 0, 0, 0, 0, 0, 0, 0, 0, 0, 0, 0, 0, 0, 0, 0, 0, 0, 0, 0, 0, 0, 0, 0, 0, 0, 0, 0, 0]
0.9640099541478686
[63, 58, 60, 54, 69, 63, 57, 73, 75, 72, 53, 67, 59, 53, 63, 65, 70, 67, 58, 69, 71, 58, 68, 74, 55, 59, 64, 64, 53, 76, 57, 73]
[0, 0, 0, 0, 0, 0, 0, 0, 0, 0, 0, 0, 0, 0, 0, 0, 0, 0, 0, 0, 0, 0, 0, 0, 0, 0, 0, 0, 0, 0, 0, 0]
0.9609519008662964
[63, 61, 61, 60, 76, 54, 62, 58, 64, 70, 65, 62, 68, 79, 61, 79, 71, 67, 63, 60, 70, 57, 63, 71, 54, 65, 75, 58, 67, 59, 58, 79]
[0, 0, 0, 0, 0, 0, 0, 0, 0, 0, 0, 0, 0, 0, 0, 0, 0, 0, 0, 0, 0, 0, 0, 0, 0, 0, 0, 0, 0, 0, 0, 0]
0.9600771212975183
[67, 63, 67, 67, 68, 54, 65, 55, 68, 71, 54, 68, 79, 64, 70, 57, 58, 79, 77, 62, 66, 59, 68, 59, 66, 78, 56, 55, 66, 53, 56, 53]
[0, 0, 0, 0, 0, 0, 0, 0, 0, 0, 0, 0, 0, 0, 0, 0, 0, 0, 0, 0, 0, 0, 0, 0, 0, 0, 0, 0, 0, 0, 0, 0]
0.9677541801504704
[64, 60, 62, 59, 63, 76, 60, 53, 65, 69, 54, 64, 76, 62, 68, 58, 59, 55, 54, 60, 70, 62, 62, 79, 66, 54, 69, 69, 73, 61, 57, 76]
[0, 0, 0, 0, 0, 0, 0, 0, 0, 0, 0, 0, 0, 0, 0, 0, 0, 0, 0, 0, 0, 0, 0, 0, 0, 0, 0, 0, 0, 0, 0, 0]
0.9634147798750134
[64, 60, 62, 59, 63, 76, 60, 53, 65, 69, 54, 64, 77, 63, 69, 59, 57, 77, 77, 62, 67, 59, 68, 59, 65, 78, 58, 57, 68, 55, 56, 53]
[0, 0, 0, 0, 0, 0, 0, 0, 0, 0, 0, 0, 0, 0, 0, 0, 0, 0, 0, 0, 0, 0, 0, 0, 0, 0, 0, 0, 0, 0, 0, 0]
0.9423082283735275
[63, 57, 60, 58, 79, 72, 61, 53, 72, 70, 78, 62, 58, 77, 70, 67, 66, 58, 76, 65, 71, 56, 68, 68, 56, 61, 59, 60, 75, 69, 55, 73]
[0, 0, 0, 0, 0, 0, 0, 0, 0, 0, 0, 0, 0, 0, 0, 0, 0, 0, 0, 0, 0, 0, 0, 0, 0, 0, 0, 0, 0, 0, 0, 0]
0.9638585743639203
[64, 60, 60, 59, 63, 76, 60, 53, 65, 68, 53, 62, 74, 61, 67, 59, 69, 64, 53, 68, 67, 78, 62, 61, 73, 57, 64, 62, 56, 77, 55, 76]
[0, 0, 0, 0, 0, 0, 0, 0, 0, 0, 0, 0, 0, 0, 0, 0, 0, 0, 0, 0, 0, 0, 0, 0, 0, 0, 0, 0, 0, 0, 0, 0]
0.9629277339289265
[63, 55, 56, 77, 68, 60, 77, 71, 68, 70, 54, 63, 55, 76, 57, 63, 57, 75, 73, 58, 55, 57, 66, 59, 66, 54, 58, 55, 66, 79, 56, 53]
[0, 0, 0, 0, 0, 0, 0, 0, 0, 0, 0, 0, 0, 0, 0, 0, 0, 0, 0, 0, 0, 0, 0, 0, 0, 0, 0, 0, 0, 0, 0, 0]
0.9698965697775604
[63, 58, 61, 55, 76, 69, 57, 56, 75, 73, 54, 62, 59, 54, 72, 69, 72, 65, 56, 67, 72, 61, 71, 75, 53, 57, 62, 64, 53, 76, 57, 73]
[0, 0, 0, 0, 0, 0, 0, 0, 0, 0, 0, 0, 0, 0, 0, 0, 0, 0, 0, 0, 0, 0, 0, 0, 0, 0, 0, 0, 0, 0, 0, 0]
0.9669631034135818
[63, 55, 56, 77, 68, 60, 77, 71, 68, 70, 54, 63, 55, 76, 57, 63, 59, 62, 53, 62, 72, 64, 65, 79, 67, 55, 70, 71, 74, 62, 58, 76]
[0, 0, 0, 0, 0, 0, 0, 0, 0, 0, 0, 0, 0, 0, 0, 0, 0, 0, 0, 0, 0, 0, 0, 0, 0, 0, 0, 0, 0, 0, 0, 0]
0.9676303189608358
[63, 61, 65, 59, 76, 67, 55, 76, 74, 71, 79, 65, 57, 78, 61, 63, 59, 62, 53, 62, 72, 64, 65, 79, 67, 55, 70, 71, 74, 62, 58, 76]
[0, 0, 0, 0, 0, 0, 0, 0, 0, 0, 0, 0, 0, 0, 0, 0, 0, 0, 0, 0, 0, 0, 0, 0, 0, 0, 0, 0, 0, 0, 0, 0]
0.632043616771698
[63, 63, 59, 53, 71, 65, 58, 74, 73, 69, 79, 66, 56, 78, 61, 63, 67, 60, 58, 58, 74, 58, 63, 74, 54, 74, 57, 59, 78, 65, 64, 57]
[0, 0, 0, 0, 0, 0, 0, 0, 0, 0, 0, 0, 0, 0, 0, 0, 0, 0, 0, 0, 0, 0, 0, 0, 0, 0, 0, 0, 0, 0, 0, 0]
0.9666195091124504
[63, 58, 60, 54, 69, 63, 55, 71, 73, 70, 53, 67, 59, 76, 63, 65, 74, 67, 60, 57, 72, 59, 68, 65, 54, 65, 75, 58, 67, 59, 58, 79]
[0, 0, 0, 0, 0, 0, 0, 0, 0, 0, 0, 0, 0, 0, 0, 0, 0, 0, 0, 0, 0, 0, 0, 0, 0, 0, 0, 0, 0, 0, 0, 0]
0.9654183834037561
[64, 60, 62, 59, 63, 76, 60, 53, 65, 68, 53, 63, 72, 59, 67, 58, 66, 57, 75, 64, 70, 56, 68, 68, 53, 57, 57, 58, 76, 71, 55, 73]
[0, 0, 0, 0, 0, 0, 0, 0, 0, 0, 0, 0, 0, 0, 0, 0, 0, 0, 0, 0, 0, 0, 0, 0, 0, 0, 0, 0, 0, 0, 0, 0]
0.9667099860470781
[63, 58, 60, 58, 79, 72, 61, 53, 75, 73, 54, 65, 58, 53, 73, 70, 69, 64, 53, 68, 67, 54, 65, 64, 76, 57, 64, 62, 56, 77, 55, 76]
[0, 0, 0, 0, 0, 0, 0, 0, 0, 0, 0, 0, 0, 0, 0, 0, 0, 0, 0, 0, 0, 0, 0, 0, 0, 0, 0, 0, 0, 0, 0, 0]
0.8656525650075686
[65, 63, 64, 60, 79, 70, 59, 76, 72, 69, 78, 68, 60, 79, 63, 66, 71, 67, 62, 59, 69, 56, 63, 71, 54, 65, 72, 55, 64, 56, 58, 79]
[0, 0, 0, 0, 0, 0, 0, 0, 0, 0, 0, 0, 0, 0, 0, 0, 0, 0, 0, 0, 0, 0, 0, 0, 0, 0, 0, 0, 0, 0, 0, 0]
0.9633732778861605
[63, 60, 60, 58, 74, 53, 61, 57, 63, 69, 64, 62, 68, 79, 57, 79, 56, 77, 77, 62, 66, 59, 68, 59, 66, 78, 56, 55, 66, 53, 56, 53]
[0, 0, 0, 0, 0, 0, 0, 0, 0, 0, 0, 0, 0, 0, 0, 0, 0, 0, 0, 0, 0, 0, 0, 0, 0, 0, 0, 0, 0, 0, 0, 0]
0.966340112172324
[63, 58, 59, 53, 71, 62, 79, 75, 75, 75, 60, 69, 60, 54, 61, 65, 71, 69, 62, 59, 69, 54, 63, 71, 79, 63, 73, 56, 67, 59, 58, 79]
[0, 0, 0, 0, 0, 0, 0, 0, 0, 0, 0, 0, 0, 0, 0, 0, 0, 0, 0, 0, 0, 0, 0, 0, 0, 0, 0, 0, 0, 0, 0, 0]
0.9639211910894546
[63, 55, 56, 77, 68, 60, 77, 71, 68, 70, 54, 63, 55, 76, 58, 62, 58, 79, 77, 62, 62, 59, 68, 60, 61, 79, 56, 56, 67, 79, 56, 53]
[0, 0, 0, 0, 0, 0, 0, 0, 0, 0, 0, 0, 0, 0, 0, 0, 0, 0, 0, 0, 0, 0, 0, 0, 0, 0, 0, 0, 0, 0, 0, 0]
0.9655002222522613
[63, 55, 56, 77, 68, 60, 77, 71, 68, 70, 54, 63, 55, 76, 60, 64, 76, 67, 58, 64, 72, 58, 64, 69, 53, 73, 57, 59, 55, 76, 58, 59]
[0, 0, 0, 0, 0, 0, 0, 0, 0, 0, 0, 0, 0, 0, 0, 0, 0, 0, 0, 0, 0, 0, 0, 0, 0, 0, 0, 0, 0, 0, 0, 0]
0.964387499027782
[71, 58, 60, 64, 79, 78, 69, 62, 76, 53, 59, 70, 55, 62, 68, 58, 59, 55, 53, 62, 71, 63, 64, 78, 67, 55, 70, 70, 73, 61, 57, 76]
[0, 0, 0, 0, 0, 0, 0, 0, 0, 0, 0, 0, 0, 0, 0, 0, 0, 0, 0, 0, 0, 0, 0, 0, 0, 0, 0, 0, 0, 0, 0, 0]
0.9543437805062248
[63, 60, 60, 58, 74, 53, 61, 57, 66, 72, 67, 65, 68, 79, 61, 79, 66, 57, 75, 64, 70, 56, 68, 68, 53, 57, 57, 58, 76, 71, 55, 73]
[0, 0, 0, 0, 0, 0, 0, 0, 0, 0, 0, 0, 0, 0, 0, 0, 0, 0, 0, 0, 0, 0, 0, 0, 0, 0, 0, 0, 0, 0, 0, 0]
0.9693129114758584
[63, 58, 59, 77, 70, 64, 57, 53, 74, 69, 75, 63, 60, 56, 65, 78, 72, 67, 60, 57, 69, 56, 65, 62, 54, 65, 75, 58, 67, 59, 58, 79]
[0, 0, 0, 0, 0, 0, 0, 0, 0, 0, 0, 0, 0, 0, 0, 0, 0, 0, 0, 0, 0, 0, 0, 0, 0, 0, 0, 0, 0, 0, 0, 0]
0.4433368615886216
[64, 62, 66, 61, 65, 77, 61, 57, 69, 71, 54, 65, 77, 61, 67, 54, 71, 67, 60, 57, 67, 54, 63, 71, 54, 65, 75, 58, 67, 59, 58, 79]
[0, 0, 0, 0, 0, 0, 0, 0, 0, 0, 0, 0, 0, 0, 0, 0, 0, 0, 0, 0, 0, 0, 0, 0, 0, 0, 0, 0, 0, 0, 0, 0]
0.9565417979737764
[63, 72, 59, 77, 70, 64, 57, 55, 76, 71, 74, 63, 60, 56, 68, 78, 70, 68, 66, 61, 79, 58, 64, 78, 57, 77, 74, 64, 78, 65, 59, 53]
[0, 0, 0, 0, 0, 0, 0, 0, 0, 0, 0, 0, 0, 0, 0, 0, 0, 0, 0, 0, 0, 0, 0, 0, 0, 0, 0, 0, 0, 0, 0, 0]
0.9635677836475701
[63, 61, 61, 59, 75, 53, 61, 57, 63, 69, 76, 62, 68, 57, 67, 60, 58, 55, 54, 63, 71, 58, 63, 77, 62, 76, 59, 59, 67, 56, 65, 76]
[0, 0, 0, 0, 0, 0, 0, 0, 0, 0, 0, 0, 0, 0, 0, 0, 0, 0, 0, 0, 0, 0, 0, 0, 0, 0, 0, 0, 0, 0, 0, 0]
0.9663810432751974
[64, 60, 62, 59, 63, 76, 60, 79, 64, 67, 79, 61, 76, 63, 69, 62, 56, 77, 77, 62, 66, 59, 68, 59, 66, 78, 56, 55, 66, 53, 56, 53]
[0, 0, 0, 0, 0, 0, 0, 0, 0, 0, 0, 0, 0, 0, 0, 0, 0, 0, 0, 0, 0, 0, 0, 0, 0, 0, 0, 0, 0, 0, 0, 0]
0.9644378471168977
[66, 61, 65, 65, 56, 76, 63, 53, 70, 68, 76, 57, 55, 53, 66, 74, 70, 65, 56, 67, 69, 58, 68, 74, 54, 58, 63, 63, 53, 76, 57, 73]
[0, 0, 0, 0, 0, 0, 0, 0, 0, 0, 0, 0, 0, 0, 0, 0, 0, 0, 0, 0, 0, 0, 0, 0, 0, 0, 0, 0, 0, 0, 0, 0]
0.9644188924219417
[63, 57, 58, 55, 75, 67, 57, 77, 72, 72, 57, 66, 55, 76, 56, 60, 69, 64, 55, 67, 69, 58, 68, 74, 55, 59, 64, 64, 53, 76, 57, 73]
[0, 0, 0, 0, 0, 0, 0, 0, 0, 0, 0, 0, 0, 0, 0, 0, 0, 0, 0, 0, 0, 0, 0, 0, 0, 0, 0, 0, 0, 0, 0, 0]
0.5162758408502865
[64, 60, 62, 59, 63, 76, 60, 79, 64, 67, 79, 61, 73, 60, 66, 59, 71, 67, 60, 57, 67, 54, 63, 71, 54, 65, 72, 55, 64, 56, 58, 79]
[0, 0, 0, 0, 0, 0, 0, 0, 0, 0, 0, 0, 0, 0, 0, 0, 0, 0, 0, 0, 0, 0, 0, 0, 0, 0, 0, 0, 0, 0, 0, 0]
0.9598596108357111
[63, 78, 79, 73, 67, 63, 53, 74, 68, 70, 54, 63, 74, 76, 57, 59, 68, 60, 76, 65, 71, 57, 69, 69, 54, 57, 58, 59, 77, 72, 55, 73]
[0, 0, 0, 0, 0, 0, 0, 0, 0, 0, 0, 0, 0, 0, 0, 0, 0, 0, 0, 0, 0, 0, 0, 0, 0, 0, 0, 0, 0, 0, 0, 0]
0.9434891007664383
[63, 55, 72, 77, 68, 60, 77, 71, 68, 70, 54, 60, 79, 73, 57, 64, 71, 69, 62, 59, 69, 54, 63, 71, 79, 63, 73, 56, 67, 59, 58, 79]
[0, 0, 0, 0, 0, 0, 0, 0, 0, 0, 0, 0, 0, 0, 0, 0, 0, 0, 0, 0, 0, 0, 0, 0, 0, 0, 0, 0, 0, 0, 0, 0]
0.9609167670449992
[67, 63, 67, 67, 68, 54, 65, 55, 68, 71, 54, 68, 79, 64, 70, 57, 55, 75, 75, 59, 66, 59, 68, 60, 66, 78, 56, 55, 66, 53, 56, 53]
[0, 0, 0, 0, 0, 0, 0, 0, 0, 0, 0, 0, 0, 0, 0, 0, 0, 0, 0, 0, 0, 0, 0, 0, 0, 0, 0, 0, 0, 0, 0, 0]
0.965068493314173
[67, 63, 67, 67, 68, 78, 62, 79, 65, 71, 54, 68, 79, 64, 70, 57, 59, 56, 54, 63, 73, 64, 65, 79, 67, 55, 70, 70, 73, 61, 57, 76]
[0, 0, 0, 0, 0, 0, 0, 0, 0, 0, 0, 0, 0, 0, 0, 0, 0, 0, 0, 0, 0, 0, 0, 0, 0, 0, 0, 0, 0, 0, 0, 0]
0.8455749987363815
[63, 61, 65, 59, 74, 65, 53, 74, 74, 71, 79, 65, 57, 78, 61, 63, 73, 66, 56, 67, 72, 61, 71, 75, 53, 57, 62, 64, 53, 76, 57, 73]
[0, 0, 0, 0, 0, 0, 0, 0, 0, 0, 0, 0, 0, 0, 0, 0, 0, 0, 0, 0, 0, 0, 0, 0, 0, 0, 0, 0, 0, 0, 0, 0]
0.9684271024311742
[63, 58, 59, 77, 70, 64, 57, 53, 74, 69, 75, 62, 57, 53, 63, 67, 60, 78, 77, 62, 66, 59, 68, 59, 66, 78, 56, 55, 66, 53, 56, 53]
[0, 0, 0, 0, 0, 0, 0, 0, 0, 0, 0, 0, 0, 0, 0, 0, 0, 0, 0, 0, 0, 0, 0, 0, 0, 0, 0, 0, 0, 0, 0, 0]
0.9642696808576584
[67, 63, 67, 67, 68, 54, 65, 55, 68, 71, 54, 68, 79, 64, 70, 57, 68, 60, 78, 65, 63, 56, 68, 65, 77, 55, 58, 65, 56, 77, 58, 73]
[0, 0, 0, 0, 0, 0, 0, 0, 0, 0, 0, 0, 0, 0, 0, 0, 0, 0, 0, 0, 0, 0, 0, 0, 0, 0, 0, 0, 0, 0, 0, 0]
0.9684743216794024
[64, 60, 62, 59, 63, 76, 60, 53, 65, 68, 53, 62, 74, 61, 67, 59, 73, 63, 56, 62, 71, 59, 64, 71, 79, 71, 54, 55, 53, 74, 56, 77]
[0, 0, 0, 0, 0, 0, 0, 0, 0, 0, 0, 0, 0, 0, 0, 0, 0, 0, 0, 0, 0, 0, 0, 0, 0, 0, 0, 0, 0, 0, 0, 0]
0.9629709836680401
[65, 55, 56, 77, 66, 60, 65, 71, 67, 69, 53, 62, 55, 76, 57, 59, 67, 62, 53, 68, 66, 53, 64, 63, 76, 57, 65, 63, 57, 78, 55, 76]
[0, 0, 0, 0, 0, 0, 0, 0, 0, 0, 0, 0, 0, 0, 0, 0, 0, 0, 0, 0, 0, 0, 0, 0, 0, 0, 0, 0, 0, 0, 0, 0]
0.9649799000383705
[61, 56, 58, 79, 69, 63, 57, 73, 75, 72, 53, 67, 59, 53, 63, 65, 59, 62, 53, 62, 72, 64, 65, 79, 67, 55, 70, 71, 74, 62, 58, 76]
[0, 0, 0, 0, 0, 0, 0, 0, 0, 0, 0, 0, 0, 0, 0, 0, 0, 0, 0, 0, 0, 0, 0, 0, 0, 0, 0, 0, 0, 0, 0, 0]
0.9706030999332346
[64, 60, 53, 59, 63, 76, 60, 53, 65, 68, 53, 62, 74, 61, 64, 56, 68, 64, 60, 57, 67, 54, 63, 71, 54, 65, 72, 55, 64, 56, 58, 79]
[0, 0, 0, 0, 0, 0, 0, 0, 0, 0, 0, 0, 0, 0, 0, 0, 0, 0, 0, 0, 0, 0, 0, 0, 0, 0, 0, 0, 0, 0, 0, 0]
0.967343086361885
[64, 60, 62, 59, 63, 76, 60, 53, 65, 68, 53, 63, 75, 62, 68, 58, 67, 60, 58, 58, 74, 58, 63, 74, 54, 74, 57, 59, 77, 64, 63, 56]
[0, 0, 0, 0, 0, 0, 0, 0, 0, 0, 0, 0, 0, 0, 0, 0, 0, 0, 0, 0, 0, 0, 0, 0, 0, 0, 0, 0, 0, 0, 0, 0]
0.9664882632096607
[65, 63, 64, 60, 79, 70, 58, 74, 67, 64, 74, 65, 60, 79, 63, 63, 67, 62, 53, 68, 66, 53, 64, 63, 76, 57, 65, 63, 57, 78, 55, 76]
[0, 0, 0, 0, 0, 0, 0, 0, 0, 0, 0, 0, 0, 0, 0, 0, 0, 0, 0, 0, 0, 0, 0, 0, 0, 0, 0, 0, 0, 0, 0, 0]
0.4960981507903786
[65, 55, 56, 77, 66, 60, 65, 71, 68, 70, 54, 63, 55, 76, 57, 59, 71, 69, 62, 59, 69, 54, 63, 71, 79, 63, 73, 56, 67, 59, 58, 79]
[0, 0, 0, 0, 0, 0, 0, 0, 0, 0, 0, 0, 0, 0, 0, 0, 0, 0, 0, 0, 0, 0, 0, 0, 0, 0, 0, 0, 0, 0, 0, 0]
0.9623396814075009
[63, 57, 58, 55, 75, 67, 57, 77, 72, 72, 57, 66, 55, 76, 56, 60, 72, 65, 56, 67, 72, 61, 71, 77, 55, 59, 64, 64, 53, 76, 57, 73]
[0, 0, 0, 0, 0, 0, 0, 0, 0, 0, 0, 0, 0, 0, 0, 0, 0, 0, 0, 0, 0, 0, 0, 0, 0, 0, 0, 0, 0, 0, 0, 0]
0.9684916391423953
[63, 58, 60, 54, 75, 68, 57, 53, 72, 70, 78, 62, 59, 54, 72, 69, 57, 78, 76, 61, 60, 59, 68, 61, 69, 58, 62, 59, 67, 79, 56, 53]
[0, 0, 0, 0, 0, 0, 0, 0, 0, 0, 0, 0, 0, 0, 0, 0, 0, 0, 0, 0, 0, 0, 0, 0, 0, 0, 0, 0, 0, 0, 0, 0]
0.9511577177496366
[67, 65, 66, 62, 79, 68, 57, 58, 66, 65, 74, 66, 61, 53, 64, 63, 78, 69, 60, 64, 72, 58, 64, 69, 53, 73, 57, 58, 78, 72, 54, 56]
[0, 0, 0, 0, 0, 0, 0, 0, 0, 0, 0, 0, 0, 0, 0, 0, 0, 0, 0, 0, 0, 0, 0, 0, 0, 0, 0, 0, 0, 0, 0, 0]
0.9422424935102462
[64, 58, 59, 53, 71, 67, 59, 77, 65, 75, 57, 75, 61, 64, 67, 56, 57, 78, 78, 62, 67, 58, 67, 59, 65, 78, 56, 55, 66, 53, 56, 53]
[0, 0, 0, 0, 0, 0, 0, 0, 0, 0, 0, 0, 0, 0, 0, 0, 0, 0, 0, 0, 0, 0, 0, 0, 0, 0, 0, 0, 0, 0, 0, 0]
0.9644070090717739
[65, 63, 64, 60, 53, 71, 60, 76, 68, 65, 74, 65, 60, 79, 63, 63, 67, 62, 53, 68, 66, 53, 64, 63, 76, 57, 65, 63, 57, 78, 55, 76]
[0, 0, 0, 0, 0, 0, 0, 0, 0, 0, 0, 0, 0, 0, 0, 0, 0, 0, 0, 0, 0, 0, 0, 0, 0, 0, 0, 0, 0, 0, 0, 0]
0.9670125574001702
[63, 58, 59, 77, 70, 64, 57, 53, 74, 69, 75, 62, 54, 77, 60, 64, 69, 64, 53, 68, 67, 54, 65, 64, 76, 57, 64, 62, 56, 77, 55, 76]
[0, 0, 0, 0, 0, 0, 0, 0, 0, 0, 0, 0, 0, 0, 0, 0, 0, 0, 0, 0, 0, 0, 0, 0, 0, 0, 0, 0, 0, 0, 0, 0]
0.46158651986429766
[64, 62, 66, 61, 65, 77, 61, 59, 71, 73, 56, 65, 77, 61, 67, 57, 62, 65, 56, 62, 72, 64, 65, 79, 67, 55, 70, 71, 74, 62, 58, 76]
[0, 0, 0, 0, 0, 0, 0, 0, 0, 0, 0, 0, 0, 0, 0, 0, 0, 0, 0, 0, 0, 0, 0, 0, 0, 0, 0, 0, 0, 0, 0, 0]
0.9489972152376688
[63, 58, 59, 77, 73, 67, 60, 56, 74, 69, 75, 62, 57, 53, 63, 67, 78, 69, 60, 64, 72, 58, 64, 69, 53, 73, 57, 58, 78, 72, 54, 56]
[0, 0, 0, 0, 0, 0, 0, 0, 0, 0, 0, 0, 0, 0, 0, 0, 0, 0, 0, 0, 0, 0, 0, 0, 0, 0, 0, 0, 0, 0, 0, 0]
0.9665865328299101
[63, 53, 54, 75, 69, 60, 77, 71, 65, 70, 54, 63, 55, 76, 57, 59, 71, 69, 62, 59, 69, 54, 63, 71, 79, 63, 73, 56, 67, 59, 58, 79]
[0, 0, 0, 0, 0, 0, 0, 0, 0, 0, 0, 0, 0, 0, 0, 0, 0, 0, 0, 0, 0, 0, 0, 0, 0, 0, 0, 0, 0, 0, 0, 0]
0.42659804619683156
[63, 77, 79, 73, 64, 61, 77, 71, 67, 70, 54, 63, 55, 74, 55, 61, 58, 55, 54, 63, 71, 58, 63, 77, 62, 76, 58, 58, 66, 55, 65, 76]
[0, 0, 0, 0, 0, 0, 0, 0, 0, 0, 0, 0, 0, 0, 0, 0, 0, 0, 0, 0, 0, 0, 0, 0, 0, 0, 0, 0, 0, 0, 0, 0]
0.9143537966794865
[64, 58, 59, 53, 71, 67, 59, 77, 65, 75, 57, 75, 61, 64, 67, 55, 73, 66, 56, 67, 72, 62, 72, 76, 54, 57, 62, 64, 53, 76, 57, 73]
[0, 0, 0, 0, 0, 0, 0, 0, 0, 0, 0, 0, 0, 0, 0, 0, 0, 0, 0, 0, 0, 0, 0, 0, 0, 0, 0, 0, 0, 0, 0, 0]
0.9718188023841244
[65, 63, 64, 60, 79, 70, 59, 75, 68, 65, 74, 65, 60, 79, 63, 63, 61, 54, 77, 62, 62, 57, 62, 57, 62, 53, 57, 56, 67, 79, 56, 53]
[0, 0, 0, 0, 0, 0, 0, 0, 0, 0, 0, 0, 0, 0, 0, 0, 0, 0, 0, 0, 0, 0, 0, 0, 0, 0, 0, 0, 0, 0, 0, 0]
0.9608430611689884
[67, 63, 67, 67, 68, 54, 65, 53, 66, 69, 79, 68, 79, 64, 72, 59, 61, 55, 53, 62, 61, 58, 55, 60, 62, 53, 57, 56, 67, 79, 56, 53]
[0, 0, 0, 0, 0, 0, 0, 0, 0, 0, 0, 0, 0, 0, 0, 0, 0, 0, 0, 0, 0, 0, 0, 0, 0, 0, 0, 0, 0, 0, 0, 0]
0.9609027899272979
[64, 58, 59, 53, 71, 65, 57, 75, 63, 75, 57, 75, 61, 64, 67, 71, 76, 67, 58, 67, 73, 59, 62, 64, 77, 70, 57, 58, 78, 72, 54, 56]
[0, 0, 0, 0, 0, 0, 0, 0, 0, 0, 0, 0, 0, 0, 0, 0, 0, 0, 0, 0, 0, 0, 0, 0, 0, 0, 0, 0, 0, 0, 0, 0]
0.9609929274487239
[63, 72, 57, 75, 68, 62, 57, 55, 76, 71, 74, 63, 60, 56, 68, 78, 71, 67, 60, 57, 67, 54, 63, 71, 77, 61, 71, 54, 67, 59, 58, 79]
[0, 0, 0, 0, 0, 0, 0, 0, 0, 0, 0, 0, 0, 0, 0, 0, 0, 0, 0, 0, 0, 0, 0, 0, 0, 0, 0, 0, 0, 0, 0, 0]
0.9669997454074121
[63, 55, 56, 77, 68, 60, 77, 71, 68, 70, 54, 63, 55, 76, 60, 64, 57, 78, 76, 61, 60, 59, 68, 61, 69, 58, 62, 59, 67, 79, 56, 53]
[0, 0, 0, 0, 0, 0, 0, 0, 0, 0, 0, 0, 0, 0, 0, 0, 0, 0, 0, 0, 0, 0, 0, 0, 0, 0, 0, 0, 0, 0, 0, 0]
0.9661824251015981
[63, 58, 60, 54, 75, 68, 57, 56, 75, 75, 56, 64, 61, 54, 72, 69, 78, 69, 60, 64, 72, 58, 64, 69, 53, 73, 57, 58, 78, 72, 54, 56]
[0, 0, 0, 0, 0, 0, 0, 0, 0, 0, 0, 0, 0, 0, 0, 0, 0, 0, 0, 0, 0, 0, 0, 0, 0, 0, 0, 0, 0, 0, 0, 0]
0.9681249888208177
[64, 60, 62, 59, 63, 76, 60, 79, 64, 67, 79, 61, 76, 63, 69, 62, 74, 67, 60, 60, 72, 59, 68, 62, 54, 65, 75, 58, 65, 59, 58, 79]
[0, 0, 0, 0, 0, 0, 0, 0, 0, 0, 0, 0, 0, 0, 0, 0, 0, 0, 0, 0, 0, 0, 0, 0, 0, 0, 0, 0, 0, 0, 0, 0]
0.9676875002538003
[63, 58, 59, 77, 70, 64, 57, 53, 74, 69, 75, 62, 57, 53, 63, 67, 53, 68, 59, 65, 72, 58, 64, 69, 53, 71, 54, 55, 77, 73, 56, 58]
[0, 0, 0, 0, 0, 0, 0, 0, 0, 0, 0, 0, 0, 0, 0, 0, 0, 0, 0, 0, 0, 0, 0, 0, 0, 0, 0, 0, 0, 0, 0, 0]
0.9685443715895375
[63, 58, 60, 55, 76, 68, 57, 79, 71, 70, 78, 62, 58, 53, 58, 70, 71, 67, 60, 57, 67, 54, 63, 71, 79, 63, 73, 56, 67, 59, 58, 79]
[0, 0, 0, 0, 0, 0, 0, 0, 0, 0, 0, 0, 0, 0, 0, 0, 0, 0, 0, 0, 0, 0, 0, 0, 0, 0, 0, 0, 0, 0, 0, 0]
0.953758862896632
[63, 72, 59, 77, 70, 64, 57, 55, 76, 71, 74, 63, 60, 56, 68, 78, 57, 78, 76, 61, 60, 59, 68, 61, 66, 55, 59, 56, 67, 79, 56, 53]
[0, 0, 0, 0, 0, 0, 0, 0, 0, 0, 0, 0, 0, 0, 0, 0, 0, 0, 0, 0, 0, 0, 0, 0, 0, 0, 0, 0, 0, 0, 0, 0]
0.9644725867455033
[63, 58, 59, 56, 74, 65, 55, 75, 69, 69, 54, 63, 59, 53, 60, 64, 70, 67, 58, 69, 71, 58, 68, 74, 55, 59, 64, 64, 53, 76, 57, 73]
[0, 0, 0, 0, 0, 0, 0, 0, 0, 0, 0, 0, 0, 0, 0, 0, 0, 0, 0, 0, 0, 0, 0, 0, 0, 0, 0, 0, 0, 0, 0, 0]
0.9705020764694419
[66, 61, 65, 60, 78, 71, 58, 53, 72, 70, 53, 62, 58, 53, 64, 65, 77, 67, 60, 57, 69, 56, 65, 62, 54, 65, 75, 58, 67, 59, 58, 79]
[0, 0, 0, 0, 0, 0, 0, 0, 0, 0, 0, 0, 0, 0, 0, 0, 0, 0, 0, 0, 0, 0, 0, 0, 0, 0, 0, 0, 0, 0, 0, 0]
0.9211278414858711
[71, 55, 57, 58, 73, 75, 66, 62, 73, 77, 56, 67, 55, 62, 68, 58, 64, 60, 53, 62, 72, 64, 65, 79, 67, 58, 73, 73, 76, 61, 57, 76]
[0, 0, 0, 0, 0, 0, 0, 0, 0, 0, 0, 0, 0, 0, 0, 0, 0, 0, 0, 0, 0, 0, 0, 0, 0, 0, 0, 0, 0, 0, 0, 0]
0.9682812494552263
[63, 58, 59, 77, 70, 64, 57, 53, 74, 69, 75, 62, 57, 53, 63, 67, 57, 78, 76, 61, 60, 59, 68, 61, 70, 59, 63, 60, 67, 79, 56, 53]
[0, 0, 0, 0, 0, 0, 0, 0, 0, 0, 0, 0, 0, 0, 0, 0, 0, 0, 0, 0, 0, 0, 0, 0, 0, 0, 0, 0, 0, 0, 0, 0]
0.9610634432813172
[63, 58, 59, 77, 73, 67, 60, 56, 74, 69, 75, 62, 57, 53, 63, 67, 71, 67, 60, 57, 67, 78, 60, 68, 76, 63, 73, 56, 67, 59, 58, 79]
[0, 0, 0, 0, 0, 0, 0, 0, 0, 0, 0, 0, 0, 0, 0, 0, 0, 0, 0, 0, 0, 0, 0, 0, 0, 0, 0, 0, 0, 0, 0, 0]
0.9606211130721595
[63, 58, 60, 55, 76, 68, 57, 79, 71, 70, 78, 62, 58, 53, 73, 70, 71, 69, 62, 59, 69, 54, 63, 71, 79, 63, 73, 56, 67, 59, 58, 79]
[0, 0, 0, 0, 0, 0, 0, 0, 0, 0, 0, 0, 0, 0, 0, 0, 0, 0, 0, 0, 0, 0, 0, 0, 0, 0, 0, 0, 0, 0, 0, 0]
0.4853112842506832
[63, 55, 56, 77, 68, 60, 77, 71, 68, 70, 54, 63, 55, 76, 60, 64, 61, 58, 54, 64, 74, 65, 66, 79, 67, 55, 70, 70, 76, 64, 60, 79]
[0, 0, 0, 0, 0, 0, 0, 0, 0, 0, 0, 0, 0, 0, 0, 0, 0, 0, 0, 0, 0, 0, 0, 0, 0, 0, 0, 0, 0, 0, 0, 0]
0.9685364532919339
[63, 58, 60, 54, 75, 68, 57, 56, 75, 73, 54, 62, 59, 54, 72, 69, 74, 67, 60, 57, 72, 59, 68, 65, 54, 65, 75, 58, 67, 59, 58, 79]
[0, 0, 0, 0, 0, 0, 0, 0, 0, 0, 0, 0, 0, 0, 0, 0, 0, 0, 0, 0, 0, 0, 0, 0, 0, 0, 0, 0, 0, 0, 0, 0]
0.9610632686268898
[64, 62, 63, 57, 77, 68, 61, 53, 73, 70, 78, 66, 61, 53, 59, 61, 62, 58, 56, 62, 72, 64, 62, 76, 64, 79, 70, 72, 73, 61, 57, 76]
[0, 0, 0, 0, 0, 0, 0, 0, 0, 0, 0, 0, 0, 0, 0, 0, 0, 0, 0, 0, 0, 0, 0, 0, 0, 0, 0, 0, 0, 0, 0, 0]
0.9590537298302496
[65, 63, 64, 60, 79, 68, 57, 58, 66, 65, 74, 66, 61, 53, 64, 63, 76, 67, 58, 67, 75, 61, 67, 69, 53, 74, 58, 62, 57, 77, 59, 58]
[0, 0, 0, 0, 0, 0, 0, 0, 0, 0, 0, 0, 0, 0, 0, 0, 0, 0, 0, 0, 0, 0, 0, 0, 0, 0, 0, 0, 0, 0, 0, 0]
0.9681639534235
[64, 60, 64, 61, 65, 78, 60, 53, 65, 68, 53, 62, 74, 61, 67, 59, 74, 67, 60, 60, 72, 59, 68, 62, 54, 65, 75, 58, 65, 59, 58, 79]
[0, 0, 0, 0, 0, 0, 0, 0, 0, 0, 0, 0, 0, 0, 0, 0, 0, 0, 0, 0, 0, 0, 0, 0, 0, 0, 0, 0, 0, 0, 0, 0]
0.94966340510435
[64, 62, 70, 57, 77, 68, 61, 53, 73, 70, 75, 66, 61, 53, 62, 61, 74, 67, 60, 57, 69, 54, 63, 61, 53, 66, 76, 58, 67, 59, 58, 79]
[0, 0, 0, 0, 0, 0, 0, 0, 0, 0, 0, 0, 0, 0, 0, 0, 0, 0, 0, 0, 0, 0, 0, 0, 0, 0, 0, 0, 0, 0, 0, 0]
0.9652074889149718
[64, 58, 59, 53, 71, 67, 59, 77, 65, 75, 57, 75, 61, 64, 67, 56, 77, 68, 61, 67, 72, 59, 64, 71, 79, 71, 54, 57, 55, 76, 58, 77]
[0, 0, 0, 0, 0, 0, 0, 0, 0, 0, 0, 0, 0, 0, 0, 0, 0, 0, 0, 0, 0, 0, 0, 0, 0, 0, 0, 0, 0, 0, 0, 0]
0.6166996584207781
[65, 63, 64, 60, 79, 68, 57, 74, 68, 65, 74, 64, 61, 55, 66, 69, 70, 65, 57, 69, 67, 54, 64, 63, 76, 57, 65, 63, 57, 78, 55, 76]
[0, 0, 0, 0, 0, 0, 0, 0, 0, 0, 0, 0, 0, 0, 0, 0, 0, 0, 0, 0, 0, 0, 0, 0, 0, 0, 0, 0, 0, 0, 0, 0]
0.9655962902704873
[64, 62, 63, 57, 77, 68, 61, 53, 73, 70, 75, 66, 61, 53, 62, 61, 59, 57, 55, 64, 74, 64, 65, 79, 67, 55, 70, 70, 73, 61, 57, 76]
[0, 0, 0, 0, 0, 0, 0, 0, 0, 0, 0, 0, 0, 0, 0, 0, 0, 0, 0, 0, 0, 0, 0, 0, 0, 0, 0, 0, 0, 0, 0, 0]
0.967469400273429
[63, 58, 60, 54, 75, 74, 63, 59, 78, 70, 78, 62, 59, 54, 72, 69, 59, 55, 53, 62, 70, 62, 63, 77, 67, 55, 70, 70, 73, 61, 57, 76]
[0, 0, 0, 0, 0, 0, 0, 0, 0, 0, 0, 0, 0, 0, 0, 0, 0, 0, 0, 0, 0, 0, 0, 0, 0, 0, 0, 0, 0, 0, 0, 0]
0.9638398622569216
[64, 60, 62, 59, 63, 76, 60, 53, 65, 68, 53, 63, 75, 62, 68, 58, 70, 68, 66, 61, 79, 58, 64, 78, 57, 77, 74, 64, 78, 65, 59, 53]
[0, 0, 0, 0, 0, 0, 0, 0, 0, 0, 0, 0, 0, 0, 0, 0, 0, 0, 0, 0, 0, 0, 0, 0, 0, 0, 0, 0, 0, 0, 0, 0]
0.9602877516084247
[65, 63, 64, 60, 79, 68, 57, 74, 67, 64, 73, 63, 62, 54, 65, 65, 74, 67, 58, 64, 71, 57, 63, 68, 53, 73, 57, 58, 78, 72, 54, 56]
[0, 0, 0, 0, 0, 0, 0, 0, 0, 0, 0, 0, 0, 0, 0, 0, 0, 0, 0, 0, 0, 0, 0, 0, 0, 0, 0, 0, 0, 0, 0, 0]
0.9645599775801422
[64, 60, 64, 59, 63, 77, 58, 53, 65, 67, 53, 65, 77, 61, 67, 55, 68, 61, 79, 66, 64, 56, 68, 65, 77, 55, 58, 65, 56, 77, 58, 73]
[0, 0, 0, 0, 0, 0, 0, 0, 0, 0, 0, 0, 0, 0, 0, 0, 0, 0, 0, 0, 0, 0, 0, 0, 0, 0, 0, 0, 0, 0, 0, 0]
0.9666276184012812
[63, 58, 60, 58, 79, 72, 61, 53, 72, 70, 78, 62, 58, 53, 73, 70, 76, 67, 58, 64, 71, 57, 63, 68, 53, 73, 57, 58, 78, 72, 54, 56]
[0, 0, 0, 0, 0, 0, 0, 0, 0, 0, 0, 0, 0, 0, 0, 0, 0, 0, 0, 0, 0, 0, 0, 0, 0, 0, 0, 0, 0, 0, 0, 0]
0.8161413910653856
[65, 55, 56, 77, 66, 60, 65, 71, 68, 70, 54, 63, 55, 76, 57, 59, 58, 55, 54, 63, 71, 58, 63, 77, 62, 76, 58, 58, 66, 55, 65, 76]
[0, 0, 0, 0, 0, 0, 0, 0, 0, 0, 0, 0, 0, 0, 0, 0, 0, 0, 0, 0, 0, 0, 0, 0, 0, 0, 0, 0, 0, 0, 0, 0]
0.9638974946416834
[64, 58, 59, 53, 71, 67, 59, 77, 65, 75, 57, 75, 61, 64, 67, 55, 73, 63, 56, 62, 71, 59, 64, 71, 79, 71, 54, 55, 53, 74, 56, 77]
[0, 0, 0, 0, 0, 0, 0, 0, 0, 0, 0, 0, 0, 0, 0, 0, 0, 0, 0, 0, 0, 0, 0, 0, 0, 0, 0, 0, 0, 0, 0, 0]
0.963258203903834
[65, 63, 64, 60, 79, 68, 57, 58, 66, 65, 74, 66, 61, 53, 64, 63, 68, 60, 76, 65, 71, 56, 68, 69, 54, 58, 59, 59, 77, 72, 55, 73]
[0, 0, 0, 0, 0, 0, 0, 0, 0, 0, 0, 0, 0, 0, 0, 0, 0, 0, 0, 0, 0, 0, 0, 0, 0, 0, 0, 0, 0, 0, 0, 0]
0.9718617476092444
[63, 58, 60, 58, 79, 72, 61, 53, 72, 70, 78, 62, 58, 53, 73, 68, 59, 55, 53, 62, 72, 64, 65, 79, 67, 55, 70, 70, 73, 61, 57, 76]
[0, 0, 0, 0, 0, 0, 0, 0, 0, 0, 0, 0, 0, 0, 0, 0, 0, 0, 0, 0, 0, 0, 0, 0, 0, 0, 0, 0, 0, 0, 0, 0]
0.9645512832300637
[63, 58, 60, 54, 69, 63, 57, 73, 75, 72, 53, 67, 59, 53, 63, 65, 75, 66, 61, 56, 72, 53, 62, 76, 57, 77, 74, 64, 77, 64, 58, 79]
[0, 0, 0, 0, 0, 0, 0, 0, 0, 0, 0, 0, 0, 0, 0, 0, 0, 0, 0, 0, 0, 0, 0, 0, 0, 0, 0, 0, 0, 0, 0, 0]
0.9673883928987714
[64, 60, 62, 59, 63, 76, 60, 53, 65, 68, 53, 63, 72, 59, 67, 58, 70, 67, 58, 69, 71, 58, 68, 74, 79, 56, 61, 61, 53, 76, 57, 73]
[0, 0, 0, 0, 0, 0, 0, 0, 0, 0, 0, 0, 0, 0, 0, 0, 0, 0, 0, 0, 0, 0, 0, 0, 0, 0, 0, 0, 0, 0, 0, 0]
0.9689534934567309
[65, 63, 64, 60, 79, 68, 57, 76, 69, 70, 79, 67, 62, 79, 63, 63, 70, 67, 58, 69, 71, 58, 68, 74, 55, 58, 63, 63, 79, 76, 57, 73]
[0, 0, 0, 0, 0, 0, 0, 0, 0, 0, 0, 0, 0, 0, 0, 0, 0, 0, 0, 0, 0, 0, 0, 0, 0, 0, 0, 0, 0, 0, 0, 0]
0.9648648601065399
[64, 60, 62, 59, 63, 76, 60, 79, 64, 67, 79, 61, 76, 63, 69, 62, 73, 64, 55, 64, 72, 58, 64, 69, 53, 73, 60, 70, 56, 77, 56, 58]
[0, 0, 0, 0, 0, 0, 0, 0, 0, 0, 0, 0, 0, 0, 0, 0, 0, 0, 0, 0, 0, 0, 0, 0, 0, 0, 0, 0, 0, 0, 0, 0]
0.9690033251816227
[65, 63, 64, 59, 78, 69, 59, 77, 70, 67, 75, 65, 60, 54, 63, 66, 58, 78, 77, 60, 64, 57, 66, 59, 66, 78, 56, 55, 66, 53, 56, 53]
[0, 0, 0, 0, 0, 0, 0, 0, 0, 0, 0, 0, 0, 0, 0, 0, 0, 0, 0, 0, 0, 0, 0, 0, 0, 0, 0, 0, 0, 0, 0, 0]
0.9681016188462575
[64, 60, 62, 59, 63, 76, 60, 53, 65, 68, 53, 63, 72, 59, 67, 58, 58, 79, 77, 62, 66, 59, 68, 59, 66, 78, 56, 55, 66, 53, 56, 53]
[0, 0, 0, 0, 0, 0, 0, 0, 0, 0, 0, 0, 0, 0, 0, 0, 0, 0, 0, 0, 0, 0, 0, 0, 0, 0, 0, 0, 0, 0, 0, 0]
0.9621280815601349
[66, 61, 65, 65, 56, 76, 63, 53, 70, 68, 76, 57, 55, 53, 66, 74, 53, 71, 62, 68, 72, 56, 62, 67, 78, 71, 54, 56, 78, 74, 57, 58]
[0, 0, 0, 0, 0, 0, 0, 0, 0, 0, 0, 0, 0, 0, 0, 0, 0, 0, 0, 0, 0, 0, 0, 0, 0, 0, 0, 0, 0, 0, 0, 0]
0.9712517618876632
[64, 60, 64, 59, 63, 76, 60, 55, 67, 70, 79, 64, 76, 60, 67, 55, 68, 60, 78, 65, 63, 56, 68, 65, 77, 55, 58, 65, 56, 77, 58, 73]
[0, 0, 0, 0, 0, 0, 0, 0, 0, 0, 0, 0, 0, 0, 0, 0, 0, 0, 0, 0, 0, 0, 0, 0, 0, 0, 0, 0, 0, 0, 0, 0]
0.967280686234915
[63, 55, 56, 77, 68, 60, 77, 71, 68, 70, 54, 63, 55, 76, 60, 64, 76, 67, 58, 67, 75, 61, 67, 69, 53, 74, 58, 63, 58, 78, 60, 58]
[0, 0, 0, 0, 0, 0, 0, 0, 0, 0, 0, 0, 0, 0, 0, 0, 0, 0, 0, 0, 0, 0, 0, 0, 0, 0, 0, 0, 0, 0, 0, 0]
0.8922912585222592
[64, 62, 63, 57, 77, 68, 61, 53, 73, 70, 78, 66, 61, 53, 59, 61, 76, 67, 58, 64, 71, 57, 63, 68, 53, 73, 57, 58, 78, 72, 54, 56]
[0, 0, 0, 0, 0, 0, 0, 0, 0, 0, 0, 0, 0, 0, 0, 0, 0, 0, 0, 0, 0, 0, 0, 0, 0, 0, 0, 0, 0, 0, 0, 0]
0.9687648633567766
[65, 63, 64, 60, 79, 70, 59, 76, 72, 69, 78, 68, 60, 53, 64, 64, 57, 77, 77, 62, 66, 59, 68, 59, 66, 78, 56, 55, 66, 53, 56, 53]
[0, 0, 0, 0, 0, 0, 0, 0, 0, 0, 0, 0, 0, 0, 0, 0, 0, 0, 0, 0, 0, 0, 0, 0, 0, 0, 0, 0, 0, 0, 0, 0]
0.5778686088387683
[64, 60, 66, 65, 69, 55, 64, 55, 67, 68, 77, 64, 76, 63, 67, 78, 74, 67, 60, 57, 69, 56, 65, 63, 55, 66, 76, 58, 67, 59, 58, 79]
[0, 0, 0, 0, 0, 0, 0, 0, 0, 0, 0, 0, 0, 0, 0, 0, 0, 0, 0, 0, 0, 0, 0, 0, 0, 0, 0, 0, 0, 0, 0, 0]
0.9677620956500371
[63, 61, 65, 59, 76, 67, 55, 76, 74, 71, 79, 65, 57, 78, 61, 63, 70, 65, 56, 67, 69, 58, 68, 74, 55, 59, 64, 64, 53, 76, 57, 73]
[0, 0, 0, 0, 0, 0, 0, 0, 0, 0, 0, 0, 0, 0, 0, 0, 0, 0, 0, 0, 0, 0, 0, 0, 0, 0, 0, 0, 0, 0, 0, 0]
0.9615967194106843
[63, 58, 59, 53, 71, 65, 56, 79, 76, 73, 53, 64, 56, 77, 59, 60, 56, 77, 77, 64, 68, 61, 70, 59, 66, 78, 56, 55, 66, 53, 56, 53]
[0, 0, 0, 0, 0, 0, 0, 0, 0, 0, 0, 0, 0, 0, 0, 0, 0, 0, 0, 0, 0, 0, 0, 0, 0, 0, 0, 0, 0, 0, 0, 0]
0.9637350329690509
[63, 60, 60, 58, 74, 53, 61, 57, 63, 69, 67, 65, 71, 55, 61, 79, 71, 67, 60, 57, 67, 54, 63, 71, 54, 65, 75, 58, 67, 59, 58, 79]
[0, 0, 0, 0, 0, 0, 0, 0, 0, 0, 0, 0, 0, 0, 0, 0, 0, 0, 0, 0, 0, 0, 0, 0, 0, 0, 0, 0, 0, 0, 0, 0]
0.9702461422707445
[64, 60, 62, 59, 63, 76, 60, 53, 65, 68, 53, 62, 74, 61, 67, 59, 71, 67, 60, 57, 67, 54, 63, 71, 54, 65, 72, 55, 64, 56, 58, 79]
[0, 0, 0, 0, 0, 0, 0, 0, 0, 0, 0, 0, 0, 0, 0, 0, 0, 0, 0, 0, 0, 0, 0, 0, 0, 0, 0, 0, 0, 0, 0, 0]
0.9625630595154232
[67, 63, 67, 69, 70, 56, 67, 55, 68, 71, 54, 68, 79, 64, 70, 57, 58, 57, 55, 64, 75, 64, 65, 79, 65, 53, 68, 68, 73, 65, 57, 76]
[0, 0, 0, 0, 0, 0, 0, 0, 0, 0, 0, 0, 0, 0, 0, 0, 0, 0, 0, 0, 0, 0, 0, 0, 0, 0, 0, 0, 0, 0, 0, 0]
0.9665967938464174
[63, 55, 56, 77, 68, 60, 77, 71, 68, 70, 54, 63, 55, 76, 57, 63, 72, 65, 56, 67, 72, 61, 71, 75, 53, 57, 62, 64, 53, 76, 57, 73]
[0, 0, 0, 0, 0, 0, 0, 0, 0, 0, 0, 0, 0, 0, 0, 0, 0, 0, 0, 0, 0, 0, 0, 0, 0, 0, 0, 0, 0, 0, 0, 0]
0.9626396412342444
[67, 63, 67, 67, 68, 54, 65, 55, 68, 71, 54, 68, 79, 64, 70, 57, 72, 65, 56, 67, 72, 61, 71, 77, 55, 59, 64, 64, 53, 76, 57, 73]
[0, 0, 0, 0, 0, 0, 0, 0, 0, 0, 0, 0, 0, 0, 0, 0, 0, 0, 0, 0, 0, 0, 0, 0, 0, 0, 0, 0, 0, 0, 0, 0]
0.9375958355844661
[64, 62, 70, 57, 77, 68, 61, 53, 73, 70, 75, 66, 61, 53, 62, 61, 71, 65, 58, 55, 65, 54, 63, 71, 79, 63, 73, 56, 67, 59, 58, 79]
[0, 0, 0, 0, 0, 0, 0, 0, 0, 0, 0, 0, 0, 0, 0, 0, 0, 0, 0, 0, 0, 0, 0, 0, 0, 0, 0, 0, 0, 0, 0, 0]
0.9666811106204986
[67, 63, 67, 67, 68, 54, 65, 55, 68, 71, 54, 68, 79, 64, 72, 56, 70, 60, 53, 62, 71, 59, 64, 71, 79, 71, 54, 55, 53, 74, 56, 77]
[0, 0, 0, 0, 0, 0, 0, 0, 0, 0, 0, 0, 0, 0, 0, 0, 0, 0, 0, 0, 0, 0, 0, 0, 0, 0, 0, 0, 0, 0, 0, 0]
0.9527259300083949
[65, 63, 64, 60, 79, 68, 57, 74, 70, 67, 76, 66, 62, 56, 67, 67, 68, 60, 76, 65, 71, 56, 68, 68, 53, 57, 58, 59, 77, 72, 55, 73]
[0, 0, 0, 0, 0, 0, 0, 0, 0, 0, 0, 0, 0, 0, 0, 0, 0, 0, 0, 0, 0, 0, 0, 0, 0, 0, 0, 0, 0, 0, 0, 0]
0.9635400700039334
[64, 58, 59, 53, 71, 67, 59, 77, 65, 75, 57, 76, 62, 65, 69, 57, 58, 57, 55, 64, 75, 64, 65, 79, 65, 53, 68, 68, 73, 65, 57, 76]
[0, 0, 0, 0, 0, 0, 0, 0, 0, 0, 0, 0, 0, 0, 0, 0, 0, 0, 0, 0, 0, 0, 0, 0, 0, 0, 0, 0, 0, 0, 0, 0]
0.9683518135282728
[63, 58, 59, 77, 73, 67, 60, 56, 74, 69, 75, 62, 57, 53, 63, 67, 59, 55, 53, 62, 75, 67, 68, 55, 67, 55, 70, 70, 73, 61, 57, 76]
[0, 0, 0, 0, 0, 0, 0, 0, 0, 0, 0, 0, 0, 0, 0, 0, 0, 0, 0, 0, 0, 0, 0, 0, 0, 0, 0, 0, 0, 0, 0, 0]
0.9707144832739265
[63, 58, 59, 75, 68, 62, 55, 53, 74, 69, 75, 62, 57, 53, 63, 67, 74, 67, 60, 57, 69, 56, 65, 62, 54, 65, 75, 58, 67, 59, 58, 79]
[0, 0, 0, 0, 0, 0, 0, 0, 0, 0, 0, 0, 0, 0, 0, 0, 0, 0, 0, 0, 0, 0, 0, 0, 0, 0, 0, 0, 0, 0, 0, 0]
0.961410512778494
[64, 58, 59, 53, 71, 67, 59, 77, 65, 75, 57, 75, 61, 64, 67, 56, 55, 75, 75, 59, 66, 59, 68, 60, 66, 78, 56, 55, 66, 53, 56, 53]
[0, 0, 0, 0, 0, 0, 0, 0, 0, 0, 0, 0, 0, 0, 0, 0, 0, 0, 0, 0, 0, 0, 0, 0, 0, 0, 0, 0, 0, 0, 0, 0]
0.9613509390815611
[63, 58, 60, 54, 69, 63, 57, 73, 75, 58, 53, 67, 57, 78, 61, 63, 76, 67, 58, 64, 72, 58, 64, 69, 53, 73, 57, 59, 55, 76, 58, 59]
[0, 0, 0, 0, 0, 0, 0, 0, 0, 0, 0, 0, 0, 0, 0, 0, 0, 0, 0, 0, 0, 0, 0, 0, 0, 0, 0, 0, 0, 0, 0, 0]
0.9701262027422587
[64, 60, 62, 59, 63, 76, 60, 53, 65, 68, 53, 63, 75, 65, 71, 61, 56, 76, 74, 56, 72, 67, 68, 55, 67, 55, 70, 70, 73, 61, 57, 76]
[0, 0, 0, 0, 0, 0, 0, 0, 0, 0, 0, 0, 0, 0, 0, 0, 0, 0, 0, 0, 0, 0, 0, 0, 0, 0, 0, 0, 0, 0, 0, 0]
0.9618690310947356
[63, 78, 79, 73, 67, 63, 53, 74, 68, 70, 54, 63, 74, 76, 57, 59, 62, 58, 56, 62, 72, 64, 62, 76, 64, 79, 70, 72, 73, 61, 57, 76]
[0, 0, 0, 0, 0, 0, 0, 0, 0, 0, 0, 0, 0, 0, 0, 0, 0, 0, 0, 0, 0, 0, 0, 0, 0, 0, 0, 0, 0, 0, 0, 0]
0.9690021952788035
[64, 60, 64, 61, 65, 78, 62, 55, 67, 68, 72, 59, 71, 57, 69, 53, 59, 55, 53, 62, 70, 62, 63, 77, 67, 55, 70, 70, 73, 61, 57, 76]
[0, 0, 0, 0, 0, 0, 0, 0, 0, 0, 0, 0, 0, 0, 0, 0, 0, 0, 0, 0, 0, 0, 0, 0, 0, 0, 0, 0, 0, 0, 0, 0]
0.9652273398107952
[65, 63, 64, 60, 79, 70, 59, 75, 69, 66, 75, 66, 60, 79, 63, 63, 72, 65, 56, 67, 72, 61, 71, 75, 53, 57, 62, 64, 53, 76, 57, 73]
[0, 0, 0, 0, 0, 0, 0, 0, 0, 0, 0, 0, 0, 0, 0, 0, 0, 0, 0, 0, 0, 0, 0, 0, 0, 0, 0, 0, 0, 0, 0, 0]
0.9644302763733812
[63, 55, 56, 77, 68, 60, 77, 71, 68, 70, 54, 63, 55, 76, 60, 64, 79, 67, 58, 64, 72, 58, 64, 69, 53, 73, 57, 59, 79, 73, 55, 56]
[0, 0, 0, 0, 0, 0, 0, 0, 0, 0, 0, 0, 0, 0, 0, 0, 0, 0, 0, 0, 0, 0, 0, 0, 0, 0, 0, 0, 0, 0, 0, 0]
0.9624303373854647
[64, 62, 63, 57, 77, 68, 61, 53, 73, 70, 75, 66, 61, 53, 62, 61, 59, 58, 56, 65, 75, 64, 65, 79, 65, 53, 71, 72, 77, 69, 58, 76]
[0, 0, 0, 0, 0, 0, 0, 0, 0, 0, 0, 0, 0, 0, 0, 0, 0, 0, 0, 0, 0, 0, 0, 0, 0, 0, 0, 0, 0, 0, 0, 0]
0.9613920639663615
[63, 53, 57, 78, 72, 66, 53, 74, 68, 70, 54, 63, 55, 76, 57, 59, 67, 62, 53, 68, 66, 53, 64, 63, 76, 57, 65, 63, 57, 78, 55, 76]
[0, 0, 0, 0, 0, 0, 0, 0, 0, 0, 0, 0, 0, 0, 0, 0, 0, 0, 0, 0, 0, 0, 0, 0, 0, 0, 0, 0, 0, 0, 0, 0]
0.966031663725453
[62, 57, 58, 76, 70, 64, 57, 55, 76, 71, 74, 60, 57, 53, 65, 78, 67, 62, 53, 68, 67, 54, 65, 61, 73, 54, 61, 62, 56, 77, 55, 76]
[0, 0, 0, 0, 0, 0, 0, 0, 0, 0, 0, 0, 0, 0, 0, 0, 0, 0, 0, 0, 0, 0, 0, 0, 0, 0, 0, 0, 0, 0, 0, 0]
0.7143042212468321
[65, 63, 64, 60, 79, 68, 57, 58, 66, 65, 74, 66, 61, 53, 64, 63, 71, 67, 60, 58, 68, 55, 64, 71, 79, 63, 73, 56, 67, 59, 58, 79]
[0, 0, 0, 0, 0, 0, 0, 0, 0, 0, 0, 0, 0, 0, 0, 0, 0, 0, 0, 0, 0, 0, 0, 0, 0, 0, 0, 0, 0, 0, 0, 0]
0.9684553954866196
[63, 58, 60, 58, 79, 72, 61, 53, 75, 73, 54, 65, 58, 53, 73, 70, 58, 55, 54, 63, 71, 58, 63, 77, 62, 76, 59, 59, 67, 56, 65, 76]
[0, 0, 0, 0, 0, 0, 0, 0, 0, 0, 0, 0, 0, 0, 0, 0, 0, 0, 0, 0, 0, 0, 0, 0, 0, 0, 0, 0, 0, 0, 0, 0]
0.9712767766624368
[64, 60, 64, 59, 63, 76, 60, 55, 67, 70, 53, 65, 77, 61, 67, 55, 75, 66, 61, 56, 72, 53, 62, 76, 57, 77, 74, 64, 77, 64, 58, 79]
[0, 0, 0, 0, 0, 0, 0, 0, 0, 0, 0, 0, 0, 0, 0, 0, 0, 0, 0, 0, 0, 0, 0, 0, 0, 0, 0, 0, 0, 0, 0, 0]
0.9609022439167063
[64, 60, 64, 61, 65, 78, 62, 55, 67, 68, 77, 64, 76, 63, 67, 78, 61, 57, 56, 62, 72, 64, 62, 76, 64, 79, 70, 72, 73, 61, 57, 76]
[0, 0, 0, 0, 0, 0, 0, 0, 0, 0, 0, 0, 0, 0, 0, 0, 0, 0, 0, 0, 0, 0, 0, 0, 0, 0, 0, 0, 0, 0, 0, 0]
0.4604630808932807
[71, 58, 60, 61, 76, 75, 66, 62, 73, 78, 57, 68, 56, 62, 68, 58, 71, 67, 60, 57, 67, 54, 63, 71, 54, 65, 72, 55, 64, 56, 58, 79]
[0, 0, 0, 0, 0, 0, 0, 0, 0, 0, 0, 0, 0, 0, 0, 0, 0, 0, 0, 0, 0, 0, 0, 0, 0, 0, 0, 0, 0, 0, 0, 0]
0.9664316948126721
[64, 60, 62, 59, 63, 76, 60, 53, 65, 68, 53, 63, 75, 62, 68, 59, 58, 79, 77, 61, 60, 59, 68, 61, 66, 55, 59, 56, 67, 79, 56, 53]
[0, 0, 0, 0, 0, 0, 0, 0, 0, 0, 0, 0, 0, 0, 0, 0, 0, 0, 0, 0, 0, 0, 0, 0, 0, 0, 0, 0, 0, 0, 0, 0]
0.9598668407731585
[63, 60, 60, 58, 74, 53, 61, 57, 63, 69, 64, 62, 68, 79, 61, 79, 76, 67, 58, 67, 73, 59, 62, 64, 77, 70, 57, 58, 78, 72, 54, 56]
[0, 0, 0, 0, 0, 0, 0, 0, 0, 0, 0, 0, 0, 0, 0, 0, 0, 0, 0, 0, 0, 0, 0, 0, 0, 0, 0, 0, 0, 0, 0, 0]
0.9648066251542833
[64, 60, 62, 59, 63, 76, 60, 53, 65, 68, 53, 63, 75, 62, 68, 58, 61, 58, 54, 63, 73, 63, 64, 78, 66, 55, 70, 70, 73, 61, 57, 76]
[0, 0, 0, 0, 0, 0, 0, 0, 0, 0, 0, 0, 0, 0, 0, 0, 0, 0, 0, 0, 0, 0, 0, 0, 0, 0, 0, 0, 0, 0, 0, 0]
0.9669245904235428
[64, 60, 62, 59, 63, 76, 60, 53, 65, 68, 53, 63, 75, 65, 71, 61, 74, 67, 60, 57, 69, 58, 67, 65, 57, 66, 76, 58, 70, 62, 61, 55]
[0, 0, 0, 0, 0, 0, 0, 0, 0, 0, 0, 0, 0, 0, 0, 0, 0, 0, 0, 0, 0, 0, 0, 0, 0, 0, 0, 0, 0, 0, 0, 0]
0.9623044997005052
[69, 59, 63, 57, 56, 70, 76, 72, 55, 69, 57, 70, 59, 60, 68, 56, 57, 78, 76, 61, 60, 59, 68, 61, 66, 55, 59, 56, 67, 79, 56, 53]
[0, 0, 0, 0, 0, 0, 0, 0, 0, 0, 0, 0, 0, 0, 0, 0, 0, 0, 0, 0, 0, 0, 0, 0, 0, 0, 0, 0, 0, 0, 0, 0]
0.960141590402044
[63, 61, 61, 59, 75, 53, 64, 60, 68, 74, 66, 64, 68, 79, 61, 79, 59, 58, 56, 65, 75, 64, 65, 79, 65, 53, 71, 71, 76, 68, 57, 76]
[0, 0, 0, 0, 0, 0, 0, 0, 0, 0, 0, 0, 0, 0, 0, 0, 0, 0, 0, 0, 0, 0, 0, 0, 0, 0, 0, 0, 0, 0, 0, 0]
0.505143588794175
[67, 64, 65, 56, 71, 64, 58, 56, 73, 78, 58, 72, 60, 66, 70, 59, 77, 67, 60, 57, 69, 56, 65, 62, 54, 65, 75, 58, 67, 59, 58, 79]
[0, 0, 0, 0, 0, 0, 0, 0, 0, 0, 0, 0, 0, 0, 0, 0, 0, 0, 0, 0, 0, 0, 0, 0, 0, 0, 0, 0, 0, 0, 0, 0]
0.9706594871017667
[64, 60, 62, 59, 63, 76, 60, 53, 65, 67, 79, 62, 74, 62, 65, 55, 61, 57, 53, 62, 72, 64, 65, 79, 67, 58, 73, 73, 76, 61, 57, 76]
[0, 0, 0, 0, 0, 0, 0, 0, 0, 0, 0, 0, 0, 0, 0, 0, 0, 0, 0, 0, 0, 0, 0, 0, 0, 0, 0, 0, 0, 0, 0, 0]
0.9652298854616866
[63, 58, 60, 58, 79, 72, 61, 53, 72, 70, 78, 60, 56, 78, 71, 68, 58, 79, 77, 62, 62, 59, 68, 60, 61, 79, 56, 56, 67, 79, 56, 53]
[0, 0, 0, 0, 0, 0, 0, 0, 0, 0, 0, 0, 0, 0, 0, 0, 0, 0, 0, 0, 0, 0, 0, 0, 0, 0, 0, 0, 0, 0, 0, 0]
0.968183885216713
[64, 58, 59, 56, 74, 70, 65, 53, 68, 78, 57, 68, 61, 64, 68, 57, 59, 55, 53, 62, 72, 64, 65, 79, 67, 55, 70, 70, 73, 61, 57, 76]
[0, 0, 0, 0, 0, 0, 0, 0, 0, 0, 0, 0, 0, 0, 0, 0, 0, 0, 0, 0, 0, 0, 0, 0, 0, 0, 0, 0, 0, 0, 0, 0]
0.712303728169865
[63, 61, 65, 59, 76, 67, 55, 76, 74, 71, 79, 65, 57, 78, 61, 63, 61, 58, 54, 63, 73, 64, 65, 79, 67, 58, 73, 73, 76, 61, 57, 76]
[0, 0, 0, 0, 0, 0, 0, 0, 0, 0, 0, 0, 0, 0, 0, 0, 0, 0, 0, 0, 0, 0, 0, 0, 0, 0, 0, 0, 0, 0, 0, 0]
0.9649047626521852
[63, 57, 58, 55, 75, 67, 57, 77, 72, 72, 57, 66, 55, 76, 56, 60, 57, 75, 73, 58, 55, 57, 66, 59, 66, 54, 58, 55, 66, 79, 56, 53]
[0, 0, 0, 0, 0, 0, 0, 0, 0, 0, 0, 0, 0, 0, 0, 0, 0, 0, 0, 0, 0, 0, 0, 0, 0, 0, 0, 0, 0, 0, 0, 0]
0.9613931172957985
[63, 78, 79, 73, 67, 63, 53, 74, 68, 70, 53, 62, 73, 75, 57, 59, 62, 58, 56, 62, 72, 64, 62, 76, 64, 79, 70, 72, 73, 61, 57, 76]
[0, 0, 0, 0, 0, 0, 0, 0, 0, 0, 0, 0, 0, 0, 0, 0, 0, 0, 0, 0, 0, 0, 0, 0, 0, 0, 0, 0, 0, 0, 0, 0]
0.9621125570138295
[63, 58, 60, 54, 69, 63, 57, 73, 75, 72, 53, 67, 59, 53, 63, 65, 57, 77, 77, 62, 68, 60, 69, 60, 65, 78, 56, 55, 66, 53, 56, 53]
[0, 0, 0, 0, 0, 0, 0, 0, 0, 0, 0, 0, 0, 0, 0, 0, 0, 0, 0, 0, 0, 0, 0, 0, 0, 0, 0, 0, 0, 0, 0, 0]
0.9691351892276742
[65, 60, 62, 57, 76, 69, 58, 53, 72, 70, 78, 62, 59, 55, 73, 70, 70, 67, 58, 69, 71, 58, 68, 74, 55, 59, 64, 64, 53, 76, 57, 73]
[0, 0, 0, 0, 0, 0, 0, 0, 0, 0, 0, 0, 0, 0, 0, 0, 0, 0, 0, 0, 0, 0, 0, 0, 0, 0, 0, 0, 0, 0, 0, 0]
0.9684150709388076
[64, 60, 62, 59, 63, 76, 60, 53, 65, 68, 53, 63, 72, 59, 67, 58, 74, 67, 60, 57, 72, 64, 68, 65, 54, 65, 75, 58, 67, 59, 58, 79]
[0, 0, 0, 0, 0, 0, 0, 0, 0, 0, 0, 0, 0, 0, 0, 0, 0, 0, 0, 0, 0, 0, 0, 0, 0, 0, 0, 0, 0, 0, 0, 0]
0.9548716386351533
[63, 58, 60, 58, 79, 72, 61, 53, 72, 70, 78, 62, 58, 53, 73, 70, 55, 75, 73, 59, 64, 56, 67, 59, 65, 78, 56, 55, 66, 53, 56, 53]
[0, 0, 0, 0, 0, 0, 0, 0, 0, 0, 0, 0, 0, 0, 0, 0, 0, 0, 0, 0, 0, 0, 0, 0, 0, 0, 0, 0, 0, 0, 0, 0]
0.9652620952978902
[67, 64, 68, 68, 69, 54, 65, 55, 68, 71, 54, 68, 79, 64, 70, 57, 59, 55, 53, 62, 72, 64, 65, 79, 67, 55, 70, 70, 73, 61, 57, 76]
[0, 0, 0, 0, 0, 0, 0, 0, 0, 0, 0, 0, 0, 0, 0, 0, 0, 0, 0, 0, 0, 0, 0, 0, 0, 0, 0, 0, 0, 0, 0, 0]
0.9624650963852481
[64, 60, 62, 59, 60, 73, 57, 77, 65, 68, 53, 63, 72, 59, 67, 58, 78, 69, 55, 61, 69, 55, 64, 69, 53, 73, 57, 58, 53, 74, 56, 57]
[0, 0, 0, 0, 0, 0, 0, 0, 0, 0, 0, 0, 0, 0, 0, 0, 0, 0, 0, 0, 0, 0, 0, 0, 0, 0, 0, 0, 0, 0, 0, 0]
0.9658736458645072
[63, 56, 76, 58, 76, 71, 56, 54, 77, 74, 55, 59, 56, 79, 62, 67, 78, 74, 77, 62, 67, 58, 67, 58, 64, 78, 56, 58, 69, 56, 59, 53]
[0, 0, 0, 0, 0, 0, 0, 0, 0, 0, 0, 0, 0, 0, 0, 0, 0, 0, 0, 0, 0, 0, 0, 0, 0, 0, 0, 0, 0, 0, 0, 0]
0.966188134974049
[63, 55, 56, 77, 68, 60, 77, 71, 68, 70, 54, 63, 55, 76, 57, 63, 53, 68, 59, 65, 72, 58, 64, 69, 53, 71, 54, 55, 75, 71, 54, 56]
[0, 0, 0, 0, 0, 0, 0, 0, 0, 0, 0, 0, 0, 0, 0, 0, 0, 0, 0, 0, 0, 0, 0, 0, 0, 0, 0, 0, 0, 0, 0, 0]
0.9606321717727752
[65, 65, 66, 61, 53, 69, 60, 78, 71, 68, 75, 65, 60, 54, 64, 67, 66, 57, 75, 64, 70, 56, 68, 68, 53, 57, 57, 58, 76, 71, 55, 73]
[0, 0, 0, 0, 0, 0, 0, 0, 0, 0, 0, 0, 0, 0, 0, 0, 0, 0, 0, 0, 0, 0, 0, 0, 0, 0, 0, 0, 0, 0, 0, 0]
0.6493238396777047
[65, 63, 64, 60, 79, 68, 57, 73, 66, 65, 74, 65, 60, 79, 63, 63, 74, 67, 60, 57, 72, 59, 68, 65, 54, 65, 75, 58, 67, 59, 58, 79]
[0, 0, 0, 0, 0, 0, 0, 0, 0, 0, 0, 0, 0, 0, 0, 0, 0, 0, 0, 0, 0, 0, 0, 0, 0, 0, 0, 0, 0, 0, 0, 0]
0.959876025543418
[64, 60, 53, 59, 63, 76, 60, 53, 65, 68, 53, 62, 74, 61, 67, 59, 72, 65, 56, 67, 72, 61, 71, 75, 53, 57, 62, 66, 55, 78, 59, 73]
[0, 0, 0, 0, 0, 0, 0, 0, 0, 0, 0, 0, 0, 0, 0, 0, 0, 0, 0, 0, 0, 0, 0, 0, 0, 0, 0, 0, 0, 0, 0, 0]
0.9645331531100803
[65, 63, 64, 60, 79, 68, 57, 76, 69, 68, 77, 65, 60, 79, 63, 63, 67, 62, 53, 68, 66, 53, 64, 63, 76, 57, 65, 63, 57, 78, 55, 76]
[0, 0, 0, 0, 0, 0, 0, 0, 0, 0, 0, 0, 0, 0, 0, 0, 0, 0, 0, 0, 0, 0, 0, 0, 0, 0, 0, 0, 0, 0, 0, 0]
0.9721072990894317
[64, 60, 64, 59, 63, 76, 60, 55, 67, 70, 53, 65, 77, 61, 67, 54, 59, 55, 53, 62, 72, 64, 65, 64, 67, 55, 70, 70, 73, 61, 57, 76]
[0, 0, 0, 0, 0, 0, 0, 0, 0, 0, 0, 0, 0, 0, 0, 0, 0, 0, 0, 0, 0, 0, 0, 0, 0, 0, 0, 0, 0, 0, 0, 0]
0.9673827694654464
[64, 60, 62, 59, 63, 76, 60, 53, 65, 68, 53, 63, 72, 59, 67, 58, 61, 58, 54, 63, 73, 64, 65, 79, 66, 54, 69, 69, 73, 61, 57, 76]
[0, 0, 0, 0, 0, 0, 0, 0, 0, 0, 0, 0, 0, 0, 0, 0, 0, 0, 0, 0, 0, 0, 0, 0, 0, 0, 0, 0, 0, 0, 0, 0]
0.96960545688525
[65, 63, 64, 60, 79, 70, 59, 76, 69, 66, 75, 65, 60, 79, 63, 63, 59, 55, 53, 62, 72, 64, 65, 79, 66, 54, 69, 69, 73, 61, 57, 76]
[0, 0, 0, 0, 0, 0, 0, 0, 0, 0, 0, 0, 0, 0, 0, 0, 0, 0, 0, 0, 0, 0, 0, 0, 0, 0, 0, 0, 0, 0, 0, 0]
0
[63, 79, 53, 74, 65, 60, 77, 71, 68, 70, 54, 63, 55, 76, 60, 64, 55, 75, 75, 59, 66, 59, 68, 60, 66, 78, 56, 55, 66, 53, 56, 53]
[0, 0, 0, 0, 0, 0, 0, 0, 0, 0, 0, 0, 0, 0, 0, 0, 0, 0, 0, 0, 0, 0, 0, 0, 0, 0, 0, 0, 0, 0, 0, 0]
0.9656662114717627
[63, 58, 59, 77, 73, 67, 60, 56, 74, 69, 75, 62, 57, 53, 63, 66, 73, 66, 59, 60, 72, 59, 68, 62, 54, 65, 75, 58, 65, 59, 58, 79]
[0, 0, 0, 0, 0, 0, 0, 0, 0, 0, 0, 0, 0, 0, 0, 0, 0, 0, 0, 0, 0, 0, 0, 0, 0, 0, 0, 0, 0, 0, 0, 0]
